model,steering_vector,position,method,set,r2,intercept,top_features
gemma,harmfull,-1,lars,negative,0.19553066991509283,,blocks.0.hook_resid_pre:0.4721; blocks.0.hook_attn_out:0.6306; blocks.0.hook_mlp_out:0.4263; blocks.9.hook_mlp_out:0.6899; blocks.5.hook_mlp_out:0.3989; blocks.5.hook_attn_out:0.1875; blocks.8.hook_mlp_out:0.0402; blocks.1.hook_attn_out:0.0000; blocks.9.hook_attn_out:0.0000; blocks.7.hook_mlp_out:0.0000; blocks.6.hook_mlp_out:0.0000; blocks.7.hook_attn_out:0.0000; blocks.6.hook_attn_out:0.0000; blocks.3.hook_attn_out:0.0000; blocks.1.hook_mlp_out:0.0000; blocks.3.hook_mlp_out:0.0000; blocks.8.hook_attn_out:0.0000; blocks.4.hook_mlp_out:0.0000; blocks.2.hook_attn_out:0.0000; blocks.2.hook_mlp_out:0.0000; blocks.4.hook_attn_out:0.0000
gemma,harmfull,-1,lars,positive,0.39973799253103415,,blocks.0.hook_resid_pre:0.5287; blocks.0.hook_mlp_out:0.5850; blocks.7.hook_mlp_out:1.0030; blocks.5.hook_mlp_out:0.3841; blocks.9.hook_mlp_out:0.8536; blocks.3.hook_mlp_out:0.4144; blocks.9.hook_attn_out:0.1350; blocks.2.hook_mlp_out:0.0000; blocks.0.hook_attn_out:0.0000; blocks.1.hook_mlp_out:0.0000; blocks.8.hook_mlp_out:0.0000; blocks.6.hook_attn_out:0.0000; blocks.7.hook_attn_out:0.0000; blocks.1.hook_attn_out:0.0000; blocks.6.hook_mlp_out:0.0000; blocks.8.hook_attn_out:0.0000; blocks.5.hook_attn_out:0.0000; blocks.3.hook_attn_out:0.0000; blocks.4.hook_mlp_out:0.0000; blocks.2.hook_attn_out:0.0000; blocks.4.hook_attn_out:0.0000
gemma,harmfull,-2,lars,negative,0.47590803116144387,,blocks.0.hook_resid_pre:0.2853; blocks.0.hook_mlp_out:0.3574; blocks.5.hook_mlp_out:0.6893; blocks.0.hook_attn_out:0.3532; blocks.7.hook_mlp_out:0.5457; blocks.6.hook_mlp_out:0.4502; blocks.9.hook_mlp_out:0.6131; blocks.3.hook_mlp_out:0.0000; blocks.1.hook_mlp_out:0.0000; blocks.1.hook_attn_out:0.0000; blocks.8.hook_mlp_out:0.0000; blocks.7.hook_attn_out:0.0000; blocks.2.hook_mlp_out:0.0000; blocks.3.hook_attn_out:0.0000; blocks.4.hook_mlp_out:0.0000; blocks.5.hook_attn_out:0.0000; blocks.9.hook_attn_out:0.0000; blocks.6.hook_attn_out:0.0000; blocks.2.hook_attn_out:0.0000; blocks.4.hook_attn_out:0.0000; blocks.8.hook_attn_out:0.0000
gemma,harmfull,-2,lars,positive,0.4710105395159059,,blocks.0.hook_resid_pre:0.5195; blocks.0.hook_mlp_out:0.5544; blocks.8.hook_mlp_out:0.7783; blocks.0.hook_attn_out:0.8682; blocks.9.hook_mlp_out:1.5903; blocks.5.hook_mlp_out:0.2669; blocks.7.hook_mlp_out:0.6820; blocks.6.hook_attn_out:0.0000; blocks.9.hook_attn_out:0.0000; blocks.3.hook_attn_out:0.0000; blocks.2.hook_mlp_out:0.0000; blocks.5.hook_attn_out:0.0000; blocks.7.hook_attn_out:0.0000; blocks.1.hook_mlp_out:0.0000; blocks.6.hook_mlp_out:0.0000; blocks.3.hook_mlp_out:0.0000; blocks.1.hook_attn_out:0.0000; blocks.8.hook_attn_out:0.0000; blocks.4.hook_mlp_out:0.0000; blocks.2.hook_attn_out:0.0000; blocks.4.hook_attn_out:0.0000
gemma,harmfull,-3,lars,negative,0.19763023202961816,,blocks.0.hook_resid_pre:0.3479; blocks.0.hook_mlp_out:0.4161; blocks.0.hook_attn_out:0.4657; blocks.5.hook_mlp_out:0.4591; blocks.7.hook_mlp_out:0.4362; blocks.9.hook_mlp_out:0.2159; blocks.6.hook_mlp_out:0.0750; blocks.1.hook_mlp_out:0.0000; blocks.3.hook_attn_out:0.0000; blocks.1.hook_attn_out:0.0000; blocks.8.hook_mlp_out:0.0000; blocks.3.hook_mlp_out:0.0000; blocks.2.hook_mlp_out:0.0000; blocks.7.hook_attn_out:0.0000; blocks.9.hook_attn_out:0.0000; blocks.6.hook_attn_out:0.0000; blocks.4.hook_mlp_out:0.0000; blocks.5.hook_attn_out:0.0000; blocks.2.hook_attn_out:0.0000; blocks.4.hook_attn_out:0.0000; blocks.8.hook_attn_out:0.0000
gemma,harmfull,-3,lars,positive,0.7083703402974644,,blocks.0.hook_resid_pre:0.4843; blocks.0.hook_mlp_out:0.4677; blocks.0.hook_attn_out:0.8469; blocks.8.hook_mlp_out:0.8819; blocks.9.hook_mlp_out:1.8363; blocks.5.hook_mlp_out:0.6965; blocks.7.hook_mlp_out:0.5494; blocks.9.hook_attn_out:0.0000; blocks.3.hook_attn_out:0.0000; blocks.7.hook_attn_out:0.0000; blocks.5.hook_attn_out:0.0000; blocks.6.hook_mlp_out:0.0000; blocks.6.hook_attn_out:0.0000; blocks.2.hook_mlp_out:0.0000; blocks.3.hook_mlp_out:0.0000; blocks.1.hook_mlp_out:0.0000; blocks.1.hook_attn_out:0.0000; blocks.8.hook_attn_out:0.0000; blocks.2.hook_attn_out:0.0000; blocks.4.hook_mlp_out:0.0000; blocks.4.hook_attn_out:0.0000
gemma,harmfull,-1,diff,pos-vs-neg,,,blocks.10.hook_resid_pre:2.7230; blocks.0.hook_resid_pre:1.8209; blocks.0.hook_attn_out:-0.8119; blocks.1.hook_attn_out:-0.5433; blocks.5.hook_mlp_out:0.4884; blocks.7.hook_mlp_out:0.3921; blocks.3.hook_mlp_out:0.2974; blocks.6.hook_mlp_out:0.2793; blocks.1.hook_mlp_out:-0.2759; blocks.9.hook_mlp_out:0.2604; blocks.0.hook_mlp_out:0.2007; blocks.8.hook_mlp_out:0.1643; blocks.2.hook_mlp_out:0.1121; blocks.8.hook_attn_out:0.0986; blocks.9.hook_attn_out:0.0877; blocks.7.hook_attn_out:0.0872; blocks.3.hook_attn_out:-0.0809; blocks.6.hook_attn_out:0.0788; blocks.5.hook_attn_out:0.0665; blocks.2.hook_attn_out:-0.0496; blocks.4.hook_attn_out:0.0383; blocks.4.hook_mlp_out:0.0118
gemma,harmfull,-2,diff,pos-vs-neg,,,blocks.10.hook_resid_pre:2.6213; blocks.0.hook_resid_pre:1.2391; blocks.0.hook_attn_out:0.5344; blocks.6.hook_attn_out:0.4242; blocks.8.hook_mlp_out:0.3197; blocks.1.hook_attn_out:-0.2935; blocks.2.hook_mlp_out:-0.2934; blocks.0.hook_mlp_out:-0.2552; blocks.8.hook_attn_out:0.1903; blocks.1.hook_mlp_out:-0.1845; blocks.7.hook_mlp_out:0.1376; blocks.9.hook_mlp_out:0.1324; blocks.6.hook_mlp_out:0.1313; blocks.9.hook_attn_out:0.1277; blocks.7.hook_attn_out:0.1261; blocks.5.hook_attn_out:0.1117; blocks.4.hook_attn_out:0.0801; blocks.5.hook_mlp_out:0.0687; blocks.2.hook_attn_out:0.0221; blocks.3.hook_attn_out:-0.0201; blocks.3.hook_mlp_out:0.0196; blocks.4.hook_mlp_out:0.0031
gemma,harmfull,-3,diff,pos-vs-neg,,,blocks.10.hook_resid_pre:3.4253; blocks.0.hook_mlp_out:0.4807; blocks.8.hook_mlp_out:0.4555; blocks.0.hook_attn_out:0.4371; blocks.5.hook_mlp_out:0.3823; blocks.9.hook_mlp_out:0.3112; blocks.7.hook_mlp_out:0.2882; blocks.6.hook_mlp_out:0.2070; blocks.3.hook_mlp_out:0.1927; blocks.5.hook_attn_out:0.1852; blocks.0.hook_resid_pre:0.1705; blocks.6.hook_attn_out:0.1472; blocks.7.hook_attn_out:0.1459; blocks.9.hook_attn_out:0.0908; blocks.8.hook_attn_out:0.0904; blocks.2.hook_mlp_out:-0.0891; blocks.1.hook_mlp_out:-0.0462; blocks.3.hook_attn_out:0.0446; blocks.4.hook_mlp_out:-0.0373; blocks.2.hook_attn_out:-0.0298; blocks.1.hook_attn_out:-0.0264; blocks.4.hook_attn_out:0.0248
gemma,harmfull,-1,Component Similarities,All,,,blocks.10.hook_resid_pre:0.2203; blocks.5.hook_mlp_out:0.1860; blocks.7.hook_mlp_out:0.1590; blocks.6.hook_mlp_out:0.1077; blocks.9.hook_mlp_out:0.0880; blocks.3.hook_mlp_out:0.0810; blocks.8.hook_mlp_out:0.0627; blocks.8.hook_attn_out:0.0573; blocks.7.hook_attn_out:0.0518; blocks.9.hook_attn_out:0.0459; blocks.5.hook_attn_out:0.0372; blocks.1.hook_mlp_out:-0.0360; blocks.6.hook_attn_out:0.0340; blocks.1.hook_attn_out:-0.0329; blocks.2.hook_mlp_out:0.0224; blocks.3.hook_attn_out:-0.0177; blocks.0.hook_resid_pre:0.0174; blocks.4.hook_attn_out:0.0141; blocks.0.hook_attn_out:-0.0127; blocks.2.hook_attn_out:-0.0087; blocks.0.hook_mlp_out:0.0081; blocks.4.hook_mlp_out:0.0041
gemma,harmfull,-2,Component Similarities,All,,,blocks.10.hook_resid_pre:0.3267; blocks.6.hook_attn_out:0.2546; blocks.8.hook_mlp_out:0.1714; blocks.8.hook_attn_out:0.1526; blocks.2.hook_mlp_out:-0.1099; blocks.7.hook_attn_out:0.1090; blocks.5.hook_attn_out:0.0983; blocks.9.hook_attn_out:0.0936; blocks.7.hook_mlp_out:0.0863; blocks.6.hook_mlp_out:0.0719; blocks.9.hook_mlp_out:0.0680; blocks.1.hook_attn_out:-0.0554; blocks.1.hook_mlp_out:-0.0486; blocks.4.hook_attn_out:0.0474; blocks.0.hook_resid_pre:0.0449; blocks.5.hook_mlp_out:0.0340; blocks.0.hook_attn_out:0.0330; blocks.0.hook_mlp_out:-0.0258; blocks.3.hook_attn_out:-0.0085; blocks.3.hook_mlp_out:0.0085; blocks.2.hook_attn_out:0.0081; blocks.4.hook_mlp_out:0.0018
gemma,harmfull,-3,Component Similarities,All,,,blocks.10.hook_resid_pre:0.4801; blocks.8.hook_mlp_out:0.2414; blocks.5.hook_mlp_out:0.2142; blocks.7.hook_mlp_out:0.1825; blocks.9.hook_mlp_out:0.1791; blocks.5.hook_attn_out:0.1703; blocks.7.hook_attn_out:0.1424; blocks.6.hook_mlp_out:0.1188; blocks.6.hook_attn_out:0.1175; blocks.3.hook_mlp_out:0.0952; blocks.8.hook_attn_out:0.0780; blocks.9.hook_attn_out:0.0710; blocks.0.hook_mlp_out:0.0614; blocks.0.hook_attn_out:0.0498; blocks.2.hook_mlp_out:-0.0422; blocks.4.hook_mlp_out:-0.0246; blocks.3.hook_attn_out:0.0211; blocks.4.hook_attn_out:0.0160; blocks.2.hook_attn_out:-0.0141; blocks.1.hook_mlp_out:-0.0140; blocks.0.hook_resid_pre:0.0096; blocks.1.hook_attn_out:-0.0068
gemma2,695,-1,lars,negative,0.7226299835368599,,blocks.20.ln2_post.hook_normalized:5.7695; blocks.3.ln2_post.hook_normalized:3.7715; blocks.6.ln1_post.hook_normalized:5.0549; blocks.18.ln2_post.hook_normalized:5.1813; blocks.0.ln1_post.hook_normalized:2.3271; blocks.8.ln2_post.hook_normalized:0.8866; blocks.0.hook_resid_post:0.0999; blocks.17.ln2_post.hook_normalized:0.0000; blocks.19.ln2_post.hook_normalized:0.0000; blocks.14.ln2_post.hook_normalized:0.0000; blocks.6.ln2_post.hook_normalized:0.0000; blocks.12.ln2_post.hook_normalized:0.0000; blocks.11.ln2_post.hook_normalized:0.0000; blocks.17.ln1_post.hook_normalized:0.0000; blocks.13.ln1_post.hook_normalized:0.0000; blocks.15.ln2_post.hook_normalized:0.0000; blocks.13.ln2_post.hook_normalized:0.0000; blocks.16.ln2_post.hook_normalized:0.0000; blocks.11.ln1_post.hook_normalized:0.0000; blocks.7.ln2_post.hook_normalized:0.0000; blocks.15.ln1_post.hook_normalized:0.0000; blocks.7.ln1_post.hook_normalized:0.0000; blocks.20.ln1_post.hook_normalized:0.0000; blocks.10.ln2_post.hook_normalized:0.0000; blocks.9.ln2_post.hook_normalized:0.0000; blocks.16.ln1_post.hook_normalized:0.0000; blocks.5.ln2_post.hook_normalized:0.0000; blocks.19.ln1_post.hook_normalized:0.0000; blocks.4.ln1_post.hook_normalized:0.0000; blocks.1.ln1_post.hook_normalized:0.0000; blocks.5.ln1_post.hook_normalized:0.0000; blocks.3.ln1_post.hook_normalized:0.0000; blocks.0.ln2_post.hook_normalized:0.0000; blocks.8.ln1_post.hook_normalized:0.0000; blocks.10.ln1_post.hook_normalized:0.0000; blocks.9.ln1_post.hook_normalized:0.0000; blocks.2.ln2_post.hook_normalized:0.0000; blocks.4.ln2_post.hook_normalized:0.0000; blocks.12.ln1_post.hook_normalized:0.0000; blocks.14.ln1_post.hook_normalized:0.0000; blocks.1.ln2_post.hook_normalized:0.0000; blocks.18.ln1_post.hook_normalized:0.0000; blocks.2.ln1_post.hook_normalized:0.0000
gemma2,695,-1,lars,positive,0.48742216917254366,,blocks.0.hook_resid_post:-16.2318; blocks.20.ln2_post.hook_normalized:8.4368; blocks.3.ln2_post.hook_normalized:10.9318; blocks.0.ln2_post.hook_normalized:-23.0130; blocks.15.ln1_post.hook_normalized:3.4910; blocks.16.ln1_post.hook_normalized:1.7057; blocks.5.ln2_post.hook_normalized:1.4116; blocks.10.ln2_post.hook_normalized:0.0000; blocks.19.ln2_post.hook_normalized:0.0000; blocks.1.ln1_post.hook_normalized:0.0000; blocks.1.ln2_post.hook_normalized:0.0000; blocks.6.ln2_post.hook_normalized:0.0000; blocks.0.ln1_post.hook_normalized:0.0000; blocks.11.ln1_post.hook_normalized:0.0000; blocks.15.ln2_post.hook_normalized:0.0000; blocks.4.ln2_post.hook_normalized:0.0000; blocks.13.ln1_post.hook_normalized:0.0000; blocks.17.ln2_post.hook_normalized:0.0000; blocks.18.ln2_post.hook_normalized:0.0000; blocks.8.ln2_post.hook_normalized:0.0000; blocks.16.ln2_post.hook_normalized:0.0000; blocks.17.ln1_post.hook_normalized:0.0000; blocks.7.ln2_post.hook_normalized:0.0000; blocks.4.ln1_post.hook_normalized:0.0000; blocks.10.ln1_post.hook_normalized:0.0000; blocks.19.ln1_post.hook_normalized:0.0000; blocks.8.ln1_post.hook_normalized:0.0000; blocks.2.ln1_post.hook_normalized:0.0000; blocks.7.ln1_post.hook_normalized:0.0000; blocks.14.ln1_post.hook_normalized:0.0000; blocks.14.ln2_post.hook_normalized:0.0000; blocks.13.ln2_post.hook_normalized:0.0000; blocks.3.ln1_post.hook_normalized:0.0000; blocks.11.ln2_post.hook_normalized:0.0000; blocks.2.ln2_post.hook_normalized:0.0000; blocks.9.ln2_post.hook_normalized:0.0000; blocks.18.ln1_post.hook_normalized:0.0000; blocks.9.ln1_post.hook_normalized:0.0000; blocks.5.ln1_post.hook_normalized:0.0000; blocks.12.ln2_post.hook_normalized:0.0000; blocks.12.ln1_post.hook_normalized:0.0000; blocks.6.ln1_post.hook_normalized:0.0000; blocks.20.ln1_post.hook_normalized:0.0000
gemma2,695,-2,lars,negative,0.3565603968702311,,blocks.20.ln2_post.hook_normalized:8.8950; blocks.3.ln2_post.hook_normalized:3.7633; blocks.0.hook_resid_post:0.7591; blocks.6.ln1_post.hook_normalized:2.8351; blocks.17.ln1_post.hook_normalized:3.3285; blocks.18.ln2_post.hook_normalized:2.7625; blocks.8.ln2_post.hook_normalized:0.3635; blocks.19.ln2_post.hook_normalized:0.0000; blocks.13.ln1_post.hook_normalized:0.0000; blocks.6.ln2_post.hook_normalized:0.0000; blocks.15.ln2_post.hook_normalized:0.0000; blocks.1.ln1_post.hook_normalized:0.0000; blocks.15.ln1_post.hook_normalized:0.0000; blocks.17.ln2_post.hook_normalized:0.0000; blocks.14.ln2_post.hook_normalized:0.0000; blocks.0.ln1_post.hook_normalized:0.0000; blocks.16.ln2_post.hook_normalized:0.0000; blocks.10.ln2_post.hook_normalized:0.0000; blocks.19.ln1_post.hook_normalized:0.0000; blocks.5.ln2_post.hook_normalized:0.0000; blocks.13.ln2_post.hook_normalized:0.0000; blocks.11.ln2_post.hook_normalized:0.0000; blocks.20.ln1_post.hook_normalized:0.0000; blocks.7.ln2_post.hook_normalized:0.0000; blocks.12.ln2_post.hook_normalized:0.0000; blocks.9.ln2_post.hook_normalized:0.0000; blocks.11.ln1_post.hook_normalized:0.0000; blocks.10.ln1_post.hook_normalized:0.0000; blocks.2.ln2_post.hook_normalized:0.0000; blocks.7.ln1_post.hook_normalized:0.0000; blocks.1.ln2_post.hook_normalized:0.0000; blocks.4.ln1_post.hook_normalized:0.0000; blocks.5.ln1_post.hook_normalized:0.0000; blocks.4.ln2_post.hook_normalized:0.0000; blocks.16.ln1_post.hook_normalized:0.0000; blocks.2.ln1_post.hook_normalized:0.0000; blocks.3.ln1_post.hook_normalized:0.0000; blocks.14.ln1_post.hook_normalized:0.0000; blocks.8.ln1_post.hook_normalized:0.0000; blocks.0.ln2_post.hook_normalized:0.0000; blocks.12.ln1_post.hook_normalized:0.0000; blocks.18.ln1_post.hook_normalized:0.0000; blocks.9.ln1_post.hook_normalized:0.0000
gemma2,695,-2,lars,positive,0.49470739626952964,,blocks.20.ln2_post.hook_normalized:11.4484; blocks.3.ln2_post.hook_normalized:3.4219; blocks.0.hook_resid_post:1.6478; blocks.6.ln1_post.hook_normalized:2.6950; blocks.5.ln2_post.hook_normalized:1.0692; blocks.18.ln2_post.hook_normalized:1.0339; blocks.10.ln2_post.hook_normalized:0.4229; blocks.17.ln1_post.hook_normalized:0.0000; blocks.8.ln2_post.hook_normalized:0.0000; blocks.1.ln1_post.hook_normalized:0.0000; blocks.13.ln1_post.hook_normalized:0.0000; blocks.15.ln1_post.hook_normalized:0.0000; blocks.19.ln2_post.hook_normalized:0.0000; blocks.11.ln2_post.hook_normalized:0.0000; blocks.6.ln2_post.hook_normalized:0.0000; blocks.0.ln2_post.hook_normalized:0.0000; blocks.7.ln1_post.hook_normalized:0.0000; blocks.15.ln2_post.hook_normalized:0.0000; blocks.16.ln2_post.hook_normalized:0.0000; blocks.0.ln1_post.hook_normalized:0.0000; blocks.7.ln2_post.hook_normalized:0.0000; blocks.9.ln2_post.hook_normalized:0.0000; blocks.12.ln2_post.hook_normalized:0.0000; blocks.17.ln2_post.hook_normalized:0.0000; blocks.10.ln1_post.hook_normalized:0.0000; blocks.19.ln1_post.hook_normalized:0.0000; blocks.13.ln2_post.hook_normalized:0.0000; blocks.3.ln1_post.hook_normalized:0.0000; blocks.20.ln1_post.hook_normalized:0.0000; blocks.1.ln2_post.hook_normalized:0.0000; blocks.14.ln2_post.hook_normalized:0.0000; blocks.14.ln1_post.hook_normalized:0.0000; blocks.8.ln1_post.hook_normalized:0.0000; blocks.18.ln1_post.hook_normalized:0.0000; blocks.2.ln1_post.hook_normalized:0.0000; blocks.9.ln1_post.hook_normalized:0.0000; blocks.4.ln2_post.hook_normalized:0.0000; blocks.16.ln1_post.hook_normalized:0.0000; blocks.2.ln2_post.hook_normalized:0.0000; blocks.5.ln1_post.hook_normalized:0.0000; blocks.4.ln1_post.hook_normalized:0.0000; blocks.12.ln1_post.hook_normalized:0.0000; blocks.11.ln1_post.hook_normalized:0.0000
gemma2,695,-3,lars,negative,0.4930876412975187,,blocks.0.hook_resid_post:0.8861; blocks.3.ln2_post.hook_normalized:3.9685; blocks.20.ln2_post.hook_normalized:7.5838; blocks.6.ln1_post.hook_normalized:3.8299; blocks.18.ln2_post.hook_normalized:5.6363; blocks.17.ln1_post.hook_normalized:2.9653; blocks.19.ln2_post.hook_normalized:0.2305; blocks.13.ln1_post.hook_normalized:0.0000; blocks.15.ln1_post.hook_normalized:0.0000; blocks.8.ln2_post.hook_normalized:0.0000; blocks.16.ln2_post.hook_normalized:0.0000; blocks.11.ln2_post.hook_normalized:0.0000; blocks.6.ln2_post.hook_normalized:0.0000; blocks.0.ln1_post.hook_normalized:0.0000; blocks.14.ln2_post.hook_normalized:0.0000; blocks.1.ln1_post.hook_normalized:0.0000; blocks.10.ln2_post.hook_normalized:0.0000; blocks.15.ln2_post.hook_normalized:0.0000; blocks.5.ln2_post.hook_normalized:0.0000; blocks.13.ln2_post.hook_normalized:0.0000; blocks.19.ln1_post.hook_normalized:0.0000; blocks.17.ln2_post.hook_normalized:0.0000; blocks.10.ln1_post.hook_normalized:0.0000; blocks.7.ln2_post.hook_normalized:0.0000; blocks.9.ln2_post.hook_normalized:0.0000; blocks.7.ln1_post.hook_normalized:0.0000; blocks.20.ln1_post.hook_normalized:0.0000; blocks.5.ln1_post.hook_normalized:0.0000; blocks.12.ln2_post.hook_normalized:0.0000; blocks.9.ln1_post.hook_normalized:0.0000; blocks.11.ln1_post.hook_normalized:0.0000; blocks.16.ln1_post.hook_normalized:0.0000; blocks.4.ln1_post.hook_normalized:0.0000; blocks.2.ln2_post.hook_normalized:0.0000; blocks.2.ln1_post.hook_normalized:0.0000; blocks.14.ln1_post.hook_normalized:0.0000; blocks.1.ln2_post.hook_normalized:0.0000; blocks.8.ln1_post.hook_normalized:0.0000; blocks.4.ln2_post.hook_normalized:0.0000; blocks.3.ln1_post.hook_normalized:0.0000; blocks.18.ln1_post.hook_normalized:0.0000; blocks.0.ln2_post.hook_normalized:0.0000; blocks.12.ln1_post.hook_normalized:0.0000
gemma2,695,-3,lars,positive,0.1121963911991235,,blocks.0.hook_resid_post:4.9802; blocks.20.ln2_post.hook_normalized:-6.6752; blocks.6.ln1_post.hook_normalized:17.0679; blocks.0.ln1_post.hook_normalized:10.7399; blocks.16.ln2_post.hook_normalized:8.5874; blocks.18.ln2_post.hook_normalized:4.9346; blocks.11.ln2_post.hook_normalized:0.6674; blocks.1.ln1_post.hook_normalized:0.0000; blocks.8.ln2_post.hook_normalized:0.0000; blocks.6.ln2_post.hook_normalized:0.0000; blocks.15.ln2_post.hook_normalized:0.0000; blocks.15.ln1_post.hook_normalized:0.0000; blocks.1.ln2_post.hook_normalized:0.0000; blocks.19.ln2_post.hook_normalized:0.0000; blocks.17.ln2_post.hook_normalized:0.0000; blocks.12.ln2_post.hook_normalized:0.0000; blocks.9.ln2_post.hook_normalized:0.0000; blocks.18.ln1_post.hook_normalized:0.0000; blocks.5.ln2_post.hook_normalized:0.0000; blocks.13.ln1_post.hook_normalized:0.0000; blocks.11.ln1_post.hook_normalized:0.0000; blocks.13.ln2_post.hook_normalized:0.0000; blocks.10.ln2_post.hook_normalized:0.0000; blocks.0.ln2_post.hook_normalized:0.0000; blocks.5.ln1_post.hook_normalized:0.0000; blocks.3.ln1_post.hook_normalized:0.0000; blocks.20.ln1_post.hook_normalized:0.0000; blocks.19.ln1_post.hook_normalized:0.0000; blocks.12.ln1_post.hook_normalized:0.0000; blocks.2.ln2_post.hook_normalized:0.0000; blocks.9.ln1_post.hook_normalized:0.0000; blocks.16.ln1_post.hook_normalized:0.0000; blocks.7.ln2_post.hook_normalized:0.0000; blocks.14.ln2_post.hook_normalized:0.0000; blocks.17.ln1_post.hook_normalized:0.0000; blocks.2.ln1_post.hook_normalized:0.0000; blocks.4.ln2_post.hook_normalized:0.0000; blocks.10.ln1_post.hook_normalized:0.0000; blocks.4.ln1_post.hook_normalized:0.0000; blocks.7.ln1_post.hook_normalized:0.0000; blocks.14.ln1_post.hook_normalized:0.0000; blocks.8.ln1_post.hook_normalized:0.0000; blocks.3.ln2_post.hook_normalized:0.0000
gemma2,695,-1,diff,pos-vs-neg,,,blocks.20.hook_resid_post:-2.9355; blocks.0.hook_resid_post:1.0661; blocks.0.ln2_post.hook_normalized:-0.6472; blocks.20.ln2_post.hook_normalized:-0.6299; blocks.13.ln1_post.hook_normalized:-0.3248; blocks.13.ln2_post.hook_normalized:-0.2984; blocks.1.ln2_post.hook_normalized:-0.2954; blocks.8.ln1_post.hook_normalized:-0.2853; blocks.16.ln1_post.hook_normalized:0.2840; blocks.1.ln1_post.hook_normalized:0.2817; blocks.10.ln1_post.hook_normalized:-0.2635; blocks.0.ln1_post.hook_normalized:-0.2369; blocks.11.ln1_post.hook_normalized:0.2320; blocks.5.ln2_post.hook_normalized:0.2304; blocks.9.ln1_post.hook_normalized:-0.2143; blocks.17.ln1_post.hook_normalized:-0.2101; blocks.7.ln1_post.hook_normalized:0.2099; blocks.19.ln1_post.hook_normalized:-0.2095; blocks.4.ln2_post.hook_normalized:-0.1996; blocks.4.ln1_post.hook_normalized:0.1987; blocks.15.ln1_post.hook_normalized:0.1824; blocks.12.ln1_post.hook_normalized:0.1794; blocks.19.ln2_post.hook_normalized:0.1730; blocks.10.ln2_post.hook_normalized:-0.1687; blocks.16.ln2_post.hook_normalized:-0.1663; blocks.12.ln2_post.hook_normalized:-0.1643; blocks.9.ln2_post.hook_normalized:-0.1599; blocks.14.ln2_post.hook_normalized:-0.1596; blocks.11.ln2_post.hook_normalized:0.1565; blocks.8.ln2_post.hook_normalized:0.1244; blocks.18.ln2_post.hook_normalized:-0.1041; blocks.17.ln2_post.hook_normalized:-0.0885; blocks.18.ln1_post.hook_normalized:0.0806; blocks.6.ln2_post.hook_normalized:-0.0751; blocks.6.ln1_post.hook_normalized:0.0689; blocks.2.ln2_post.hook_normalized:0.0655; blocks.3.ln1_post.hook_normalized:0.0645; blocks.2.ln1_post.hook_normalized:-0.0602; blocks.20.ln1_post.hook_normalized:-0.0509; blocks.15.ln2_post.hook_normalized:0.0393; blocks.7.ln2_post.hook_normalized:0.0375; blocks.3.ln2_post.hook_normalized:-0.0372; blocks.14.ln1_post.hook_normalized:-0.0249; blocks.5.ln1_post.hook_normalized:0.0204
gemma2,695,-2,diff,pos-vs-neg,,,blocks.0.hook_resid_post:-0.8265; blocks.0.ln1_post.hook_normalized:0.6351; blocks.11.ln2_post.hook_normalized:0.5445; blocks.20.hook_resid_post:0.4579; blocks.13.ln1_post.hook_normalized:-0.4215; blocks.9.ln1_post.hook_normalized:-0.4109; blocks.10.ln2_post.hook_normalized:-0.3481; blocks.7.ln2_post.hook_normalized:0.3056; blocks.3.ln2_post.hook_normalized:-0.2944; blocks.8.ln2_post.hook_normalized:0.2883; blocks.18.ln1_post.hook_normalized:-0.2632; blocks.10.ln1_post.hook_normalized:-0.2529; blocks.7.ln1_post.hook_normalized:-0.2384; blocks.4.ln1_post.hook_normalized:0.1921; blocks.8.ln1_post.hook_normalized:-0.1900; blocks.19.ln1_post.hook_normalized:-0.1698; blocks.17.ln1_post.hook_normalized:0.1639; blocks.15.ln1_post.hook_normalized:-0.1523; blocks.6.ln1_post.hook_normalized:0.1505; blocks.4.ln2_post.hook_normalized:0.1482; blocks.5.ln1_post.hook_normalized:-0.1225; blocks.18.ln2_post.hook_normalized:-0.1215; blocks.5.ln2_post.hook_normalized:0.1204; blocks.13.ln2_post.hook_normalized:-0.1199; blocks.2.ln2_post.hook_normalized:0.1163; blocks.6.ln2_post.hook_normalized:0.1152; blocks.14.ln2_post.hook_normalized:0.1086; blocks.12.ln2_post.hook_normalized:-0.1085; blocks.3.ln1_post.hook_normalized:-0.0855; blocks.19.ln2_post.hook_normalized:0.0815; blocks.11.ln1_post.hook_normalized:-0.0779; blocks.2.ln1_post.hook_normalized:-0.0757; blocks.15.ln2_post.hook_normalized:0.0693; blocks.1.ln1_post.hook_normalized:0.0658; blocks.17.ln2_post.hook_normalized:-0.0625; blocks.12.ln1_post.hook_normalized:-0.0550; blocks.0.ln2_post.hook_normalized:0.0512; blocks.14.ln1_post.hook_normalized:-0.0425; blocks.9.ln2_post.hook_normalized:-0.0404; blocks.1.ln2_post.hook_normalized:-0.0402; blocks.20.ln2_post.hook_normalized:0.0362; blocks.20.ln1_post.hook_normalized:0.0196; blocks.16.ln1_post.hook_normalized:-0.0115; blocks.16.ln2_post.hook_normalized:-0.0075
gemma2,695,-3,diff,pos-vs-neg,,,blocks.20.hook_resid_post:4.7125; blocks.0.ln1_post.hook_normalized:0.6383; blocks.9.ln1_post.hook_normalized:-0.4145; blocks.11.ln2_post.hook_normalized:0.3462; blocks.7.ln2_post.hook_normalized:0.3456; blocks.13.ln1_post.hook_normalized:-0.3356; blocks.8.ln2_post.hook_normalized:0.3203; blocks.4.ln1_post.hook_normalized:0.2842; blocks.1.ln1_post.hook_normalized:0.2832; blocks.17.ln1_post.hook_normalized:0.2492; blocks.8.ln1_post.hook_normalized:-0.2461; blocks.10.ln1_post.hook_normalized:-0.2308; blocks.10.ln2_post.hook_normalized:-0.2298; blocks.17.ln2_post.hook_normalized:0.2251; blocks.19.ln2_post.hook_normalized:0.2115; blocks.14.ln2_post.hook_normalized:0.2075; blocks.1.ln2_post.hook_normalized:-0.1866; blocks.15.ln2_post.hook_normalized:0.1846; blocks.18.ln1_post.hook_normalized:-0.1704; blocks.4.ln2_post.hook_normalized:0.1635; blocks.12.ln1_post.hook_normalized:-0.1630; blocks.7.ln1_post.hook_normalized:-0.1584; blocks.13.ln2_post.hook_normalized:-0.1567; blocks.15.ln1_post.hook_normalized:-0.1432; blocks.12.ln2_post.hook_normalized:-0.1368; blocks.6.ln2_post.hook_normalized:0.1304; blocks.6.ln1_post.hook_normalized:0.1262; blocks.5.ln2_post.hook_normalized:0.1255; blocks.3.ln2_post.hook_normalized:-0.1223; blocks.0.hook_resid_post:-0.1166; blocks.11.ln1_post.hook_normalized:-0.1161; blocks.2.ln2_post.hook_normalized:-0.0896; blocks.2.ln1_post.hook_normalized:-0.0845; blocks.19.ln1_post.hook_normalized:-0.0806; blocks.5.ln1_post.hook_normalized:-0.0747; blocks.16.ln2_post.hook_normalized:0.0613; blocks.14.ln1_post.hook_normalized:-0.0584; blocks.16.ln1_post.hook_normalized:-0.0467; blocks.20.ln2_post.hook_normalized:-0.0235; blocks.18.ln2_post.hook_normalized:-0.0224; blocks.20.ln1_post.hook_normalized:0.0192; blocks.3.ln1_post.hook_normalized:0.0026; blocks.0.ln2_post.hook_normalized:-0.0017; blocks.9.ln2_post.hook_normalized:0.0009
gemma2,695,-1,Component Similarities,All,,,blocks.20.ln2_post.hook_normalized:-0.0889; blocks.0.hook_resid_post:0.0728; blocks.20.hook_resid_post:-0.0540; blocks.17.ln1_post.hook_normalized:-0.0488; blocks.0.ln2_post.hook_normalized:-0.0481; blocks.6.ln1_post.hook_normalized:-0.0420; blocks.1.ln2_post.hook_normalized:-0.0356; blocks.13.ln1_post.hook_normalized:-0.0356; blocks.4.ln1_post.hook_normalized:0.0339; blocks.8.ln1_post.hook_normalized:-0.0337; blocks.16.ln1_post.hook_normalized:0.0327; blocks.4.ln2_post.hook_normalized:-0.0286; blocks.5.ln2_post.hook_normalized:0.0276; blocks.10.ln1_post.hook_normalized:-0.0261; blocks.15.ln1_post.hook_normalized:0.0259; blocks.9.ln2_post.hook_normalized:-0.0239; blocks.13.ln2_post.hook_normalized:-0.0227; blocks.18.ln1_post.hook_normalized:0.0226; blocks.16.ln2_post.hook_normalized:-0.0212; blocks.19.ln1_post.hook_normalized:-0.0197; blocks.0.ln1_post.hook_normalized:-0.0192; blocks.1.ln1_post.hook_normalized:0.0171; blocks.10.ln2_post.hook_normalized:-0.0170; blocks.11.ln1_post.hook_normalized:0.0157; blocks.14.ln2_post.hook_normalized:-0.0155; blocks.12.ln1_post.hook_normalized:0.0151; blocks.12.ln2_post.hook_normalized:-0.0151; blocks.7.ln1_post.hook_normalized:0.0148; blocks.11.ln2_post.hook_normalized:0.0143; blocks.9.ln1_post.hook_normalized:-0.0143; blocks.6.ln2_post.hook_normalized:-0.0138; blocks.18.ln2_post.hook_normalized:-0.0118; blocks.20.ln1_post.hook_normalized:0.0107; blocks.17.ln2_post.hook_normalized:-0.0104; blocks.2.ln2_post.hook_normalized:0.0093; blocks.8.ln2_post.hook_normalized:0.0077; blocks.2.ln1_post.hook_normalized:0.0071; blocks.3.ln2_post.hook_normalized:-0.0063; blocks.14.ln1_post.hook_normalized:-0.0050; blocks.3.ln1_post.hook_normalized:0.0049; blocks.7.ln2_post.hook_normalized:0.0041; blocks.15.ln2_post.hook_normalized:0.0033; blocks.19.ln2_post.hook_normalized:-0.0026; blocks.5.ln1_post.hook_normalized:0.0010
gemma2,695,-2,Component Similarities,All,,,blocks.3.ln2_post.hook_normalized:-0.0767; blocks.0.hook_resid_post:-0.0693; blocks.11.ln2_post.hook_normalized:0.0603; blocks.13.ln1_post.hook_normalized:-0.0581; blocks.0.ln1_post.hook_normalized:0.0566; blocks.6.ln1_post.hook_normalized:-0.0410; blocks.18.ln1_post.hook_normalized:-0.0410; blocks.10.ln2_post.hook_normalized:-0.0400; blocks.7.ln2_post.hook_normalized:0.0376; blocks.8.ln2_post.hook_normalized:0.0376; blocks.4.ln1_post.hook_normalized:0.0344; blocks.9.ln1_post.hook_normalized:-0.0322; blocks.8.ln1_post.hook_normalized:-0.0312; blocks.10.ln1_post.hook_normalized:-0.0264; blocks.4.ln2_post.hook_normalized:0.0259; blocks.15.ln1_post.hook_normalized:-0.0232; blocks.20.ln2_post.hook_normalized:-0.0231; blocks.20.ln1_post.hook_normalized:0.0216; blocks.7.ln1_post.hook_normalized:-0.0208; blocks.6.ln2_post.hook_normalized:0.0195; blocks.2.ln2_post.hook_normalized:0.0188; blocks.5.ln2_post.hook_normalized:0.0186; blocks.20.hook_resid_post:0.0181; blocks.2.ln1_post.hook_normalized:-0.0179; blocks.13.ln2_post.hook_normalized:-0.0164; blocks.3.ln1_post.hook_normalized:-0.0159; blocks.17.ln2_post.hook_normalized:-0.0139; blocks.15.ln2_post.hook_normalized:0.0123; blocks.14.ln2_post.hook_normalized:0.0121; blocks.19.ln2_post.hook_normalized:-0.0118; blocks.12.ln2_post.hook_normalized:-0.0118; blocks.18.ln2_post.hook_normalized:-0.0117; blocks.16.ln1_post.hook_normalized:-0.0104; blocks.17.ln1_post.hook_normalized:0.0103; blocks.9.ln2_post.hook_normalized:-0.0101; blocks.1.ln2_post.hook_normalized:-0.0089; blocks.19.ln1_post.hook_normalized:-0.0089; blocks.5.ln1_post.hook_normalized:-0.0087; blocks.14.ln1_post.hook_normalized:-0.0064; blocks.0.ln2_post.hook_normalized:0.0063; blocks.11.ln1_post.hook_normalized:-0.0053; blocks.12.ln1_post.hook_normalized:-0.0045; blocks.1.ln1_post.hook_normalized:0.0039; blocks.16.ln2_post.hook_normalized:-0.0027
gemma2,695,-3,Component Similarities,All,,,blocks.20.hook_resid_post:0.0718; blocks.0.ln1_post.hook_normalized:0.0708; blocks.7.ln2_post.hook_normalized:0.0547; blocks.4.ln1_post.hook_normalized:0.0459; blocks.13.ln1_post.hook_normalized:-0.0457; blocks.8.ln1_post.hook_normalized:-0.0413; blocks.11.ln2_post.hook_normalized:0.0413; blocks.6.ln1_post.hook_normalized:-0.0366; blocks.8.ln2_post.hook_normalized:0.0344; blocks.17.ln2_post.hook_normalized:0.0332; blocks.9.ln1_post.hook_normalized:-0.0317; blocks.10.ln2_post.hook_normalized:-0.0315; blocks.14.ln2_post.hook_normalized:0.0315; blocks.18.ln1_post.hook_normalized:-0.0286; blocks.15.ln2_post.hook_normalized:0.0284; blocks.4.ln2_post.hook_normalized:0.0266; blocks.2.ln1_post.hook_normalized:-0.0259; blocks.1.ln1_post.hook_normalized:0.0243; blocks.10.ln1_post.hook_normalized:-0.0239; blocks.1.ln2_post.hook_normalized:-0.0228; blocks.3.ln2_post.hook_normalized:-0.0225; blocks.17.ln1_post.hook_normalized:0.0219; blocks.20.ln1_post.hook_normalized:0.0214; blocks.12.ln1_post.hook_normalized:-0.0209; blocks.6.ln2_post.hook_normalized:0.0198; blocks.5.ln2_post.hook_normalized:0.0194; blocks.15.ln1_post.hook_normalized:-0.0176; blocks.13.ln2_post.hook_normalized:-0.0161; blocks.19.ln1_post.hook_normalized:0.0147; blocks.7.ln1_post.hook_normalized:-0.0129; blocks.12.ln2_post.hook_normalized:-0.0128; blocks.2.ln2_post.hook_normalized:-0.0120; blocks.20.ln2_post.hook_normalized:-0.0114; blocks.16.ln1_post.hook_normalized:-0.0112; blocks.11.ln1_post.hook_normalized:-0.0092; blocks.14.ln1_post.hook_normalized:-0.0071; blocks.5.ln1_post.hook_normalized:-0.0060; blocks.9.ln2_post.hook_normalized:-0.0054; blocks.3.ln1_post.hook_normalized:-0.0052; blocks.16.ln2_post.hook_normalized:0.0034; blocks.0.hook_resid_post:-0.0023; blocks.18.ln2_post.hook_normalized:0.0018; blocks.19.ln2_post.hook_normalized:0.0018; blocks.0.ln2_post.hook_normalized:-0.0005
gemma2,3949,-1,lars,negative,0.6236364896940652,,blocks.6.ln1_post.hook_normalized:6.7655; blocks.20.ln2_post.hook_normalized:7.1691; blocks.0.hook_resid_post:-0.0902; blocks.18.ln2_post.hook_normalized:3.1676; blocks.17.ln1_post.hook_normalized:2.0065; blocks.0.ln1_post.hook_normalized:1.8257; blocks.8.ln2_post.hook_normalized:0.2549; blocks.14.ln2_post.hook_normalized:0.0000; blocks.15.ln2_post.hook_normalized:0.0000; blocks.11.ln2_post.hook_normalized:0.0000; blocks.3.ln2_post.hook_normalized:0.0000; blocks.13.ln1_post.hook_normalized:0.0000; blocks.17.ln2_post.hook_normalized:0.0000; blocks.19.ln2_post.hook_normalized:0.0000; blocks.6.ln2_post.hook_normalized:0.0000; blocks.11.ln1_post.hook_normalized:0.0000; blocks.16.ln2_post.hook_normalized:0.0000; blocks.13.ln2_post.hook_normalized:0.0000; blocks.19.ln1_post.hook_normalized:0.0000; blocks.0.ln2_post.hook_normalized:0.0000; blocks.1.ln2_post.hook_normalized:0.0000; blocks.7.ln1_post.hook_normalized:0.0000; blocks.5.ln2_post.hook_normalized:0.0000; blocks.20.ln1_post.hook_normalized:0.0000; blocks.12.ln2_post.hook_normalized:0.0000; blocks.16.ln1_post.hook_normalized:0.0000; blocks.15.ln1_post.hook_normalized:0.0000; blocks.2.ln2_post.hook_normalized:0.0000; blocks.7.ln2_post.hook_normalized:0.0000; blocks.5.ln1_post.hook_normalized:0.0000; blocks.9.ln2_post.hook_normalized:0.0000; blocks.12.ln1_post.hook_normalized:0.0000; blocks.2.ln1_post.hook_normalized:0.0000; blocks.10.ln2_post.hook_normalized:0.0000; blocks.4.ln2_post.hook_normalized:0.0000; blocks.8.ln1_post.hook_normalized:0.0000; blocks.14.ln1_post.hook_normalized:0.0000; blocks.1.ln1_post.hook_normalized:0.0000; blocks.18.ln1_post.hook_normalized:0.0000; blocks.10.ln1_post.hook_normalized:0.0000; blocks.4.ln1_post.hook_normalized:0.0000; blocks.9.ln1_post.hook_normalized:0.0000; blocks.3.ln1_post.hook_normalized:0.0000
gemma2,3949,-1,lars,positive,0.795951872490385,,blocks.6.ln1_post.hook_normalized:4.7002; blocks.20.ln2_post.hook_normalized:9.0400; blocks.15.ln2_post.hook_normalized:4.0268; blocks.0.hook_resid_post:0.0772; blocks.17.ln2_post.hook_normalized:1.4040; blocks.11.ln2_post.hook_normalized:1.2692; blocks.14.ln2_post.hook_normalized:0.8175; blocks.13.ln1_post.hook_normalized:0.0000; blocks.0.ln1_post.hook_normalized:0.0000; blocks.18.ln2_post.hook_normalized:0.0000; blocks.16.ln1_post.hook_normalized:0.0000; blocks.7.ln1_post.hook_normalized:0.0000; blocks.17.ln1_post.hook_normalized:0.0000; blocks.0.ln2_post.hook_normalized:0.0000; blocks.8.ln2_post.hook_normalized:0.0000; blocks.13.ln2_post.hook_normalized:0.0000; blocks.3.ln2_post.hook_normalized:0.0000; blocks.11.ln1_post.hook_normalized:0.0000; blocks.10.ln2_post.hook_normalized:0.0000; blocks.9.ln1_post.hook_normalized:0.0000; blocks.2.ln2_post.hook_normalized:0.0000; blocks.10.ln1_post.hook_normalized:0.0000; blocks.16.ln2_post.hook_normalized:0.0000; blocks.1.ln2_post.hook_normalized:0.0000; blocks.4.ln1_post.hook_normalized:0.0000; blocks.9.ln2_post.hook_normalized:0.0000; blocks.4.ln2_post.hook_normalized:0.0000; blocks.15.ln1_post.hook_normalized:0.0000; blocks.6.ln2_post.hook_normalized:0.0000; blocks.1.ln1_post.hook_normalized:0.0000; blocks.7.ln2_post.hook_normalized:0.0000; blocks.19.ln2_post.hook_normalized:0.0000; blocks.8.ln1_post.hook_normalized:0.0000; blocks.5.ln2_post.hook_normalized:0.0000; blocks.18.ln1_post.hook_normalized:0.0000; blocks.14.ln1_post.hook_normalized:0.0000; blocks.12.ln2_post.hook_normalized:0.0000; blocks.12.ln1_post.hook_normalized:0.0000; blocks.19.ln1_post.hook_normalized:0.0000; blocks.20.ln1_post.hook_normalized:0.0000; blocks.5.ln1_post.hook_normalized:0.0000; blocks.3.ln1_post.hook_normalized:0.0000; blocks.2.ln1_post.hook_normalized:0.0000
gemma2,3949,-2,lars,negative,0.4479237294695746,,blocks.6.ln1_post.hook_normalized:3.7080; blocks.20.ln2_post.hook_normalized:8.0134; blocks.3.ln2_post.hook_normalized:3.8049; blocks.0.hook_resid_post:0.0105; blocks.17.ln1_post.hook_normalized:3.7901; blocks.18.ln2_post.hook_normalized:3.3918; blocks.13.ln1_post.hook_normalized:1.5056; blocks.19.ln2_post.hook_normalized:0.0000; blocks.6.ln2_post.hook_normalized:0.0000; blocks.15.ln2_post.hook_normalized:0.0000; blocks.15.ln1_post.hook_normalized:0.0000; blocks.17.ln2_post.hook_normalized:0.0000; blocks.8.ln2_post.hook_normalized:0.0000; blocks.10.ln1_post.hook_normalized:0.0000; blocks.14.ln2_post.hook_normalized:0.0000; blocks.16.ln2_post.hook_normalized:0.0000; blocks.19.ln1_post.hook_normalized:0.0000; blocks.13.ln2_post.hook_normalized:0.0000; blocks.12.ln2_post.hook_normalized:0.0000; blocks.9.ln2_post.hook_normalized:0.0000; blocks.1.ln1_post.hook_normalized:0.0000; blocks.11.ln1_post.hook_normalized:0.0000; blocks.11.ln2_post.hook_normalized:0.0000; blocks.5.ln2_post.hook_normalized:0.0000; blocks.20.ln1_post.hook_normalized:0.0000; blocks.7.ln1_post.hook_normalized:0.0000; blocks.10.ln2_post.hook_normalized:0.0000; blocks.7.ln2_post.hook_normalized:0.0000; blocks.0.ln2_post.hook_normalized:0.0000; blocks.3.ln1_post.hook_normalized:0.0000; blocks.5.ln1_post.hook_normalized:0.0000; blocks.1.ln2_post.hook_normalized:0.0000; blocks.0.ln1_post.hook_normalized:0.0000; blocks.14.ln1_post.hook_normalized:0.0000; blocks.16.ln1_post.hook_normalized:0.0000; blocks.12.ln1_post.hook_normalized:0.0000; blocks.8.ln1_post.hook_normalized:0.0000; blocks.4.ln2_post.hook_normalized:0.0000; blocks.2.ln1_post.hook_normalized:0.0000; blocks.9.ln1_post.hook_normalized:0.0000; blocks.4.ln1_post.hook_normalized:0.0000; blocks.18.ln1_post.hook_normalized:0.0000; blocks.2.ln2_post.hook_normalized:0.0000
gemma2,3949,-2,lars,positive,0.47478168042291513,,blocks.6.ln1_post.hook_normalized:1.7570; blocks.20.ln2_post.hook_normalized:12.3248; blocks.3.ln2_post.hook_normalized:4.3517; blocks.19.ln2_post.hook_normalized:4.1622; blocks.1.ln1_post.hook_normalized:0.8677; blocks.18.ln2_post.hook_normalized:1.0771; blocks.6.ln2_post.hook_normalized:0.1279; blocks.17.ln1_post.hook_normalized:0.0000; blocks.15.ln2_post.hook_normalized:0.0000; blocks.13.ln1_post.hook_normalized:0.0000; blocks.0.ln1_post.hook_normalized:0.0000; blocks.13.ln2_post.hook_normalized:0.0000; blocks.5.ln2_post.hook_normalized:0.0000; blocks.0.hook_resid_post:0.0000; blocks.7.ln2_post.hook_normalized:0.0000; blocks.11.ln2_post.hook_normalized:0.0000; blocks.15.ln1_post.hook_normalized:0.0000; blocks.10.ln2_post.hook_normalized:0.0000; blocks.14.ln2_post.hook_normalized:0.0000; blocks.2.ln2_post.hook_normalized:0.0000; blocks.20.ln1_post.hook_normalized:0.0000; blocks.9.ln2_post.hook_normalized:0.0000; blocks.10.ln1_post.hook_normalized:0.0000; blocks.9.ln1_post.hook_normalized:0.0000; blocks.5.ln1_post.hook_normalized:0.0000; blocks.17.ln2_post.hook_normalized:0.0000; blocks.4.ln1_post.hook_normalized:0.0000; blocks.3.ln1_post.hook_normalized:0.0000; blocks.8.ln2_post.hook_normalized:0.0000; blocks.16.ln2_post.hook_normalized:0.0000; blocks.0.ln2_post.hook_normalized:0.0000; blocks.4.ln2_post.hook_normalized:0.0000; blocks.19.ln1_post.hook_normalized:0.0000; blocks.12.ln1_post.hook_normalized:0.0000; blocks.12.ln2_post.hook_normalized:0.0000; blocks.14.ln1_post.hook_normalized:0.0000; blocks.16.ln1_post.hook_normalized:0.0000; blocks.18.ln1_post.hook_normalized:0.0000; blocks.1.ln2_post.hook_normalized:0.0000; blocks.11.ln1_post.hook_normalized:0.0000; blocks.8.ln1_post.hook_normalized:0.0000; blocks.7.ln1_post.hook_normalized:0.0000; blocks.2.ln1_post.hook_normalized:0.0000
gemma2,3949,-3,lars,negative,0.5975160494832561,,blocks.6.ln1_post.hook_normalized:5.6917; blocks.0.hook_resid_post:0.7288; blocks.20.ln2_post.hook_normalized:7.1344; blocks.18.ln2_post.hook_normalized:6.6094; blocks.3.ln2_post.hook_normalized:2.0778; blocks.17.ln1_post.hook_normalized:3.5371; blocks.6.ln2_post.hook_normalized:0.2489; blocks.19.ln2_post.hook_normalized:0.0000; blocks.13.ln1_post.hook_normalized:0.0000; blocks.15.ln1_post.hook_normalized:0.0000; blocks.17.ln2_post.hook_normalized:0.0000; blocks.9.ln2_post.hook_normalized:0.0000; blocks.15.ln2_post.hook_normalized:0.0000; blocks.10.ln1_post.hook_normalized:0.0000; blocks.10.ln2_post.hook_normalized:0.0000; blocks.11.ln2_post.hook_normalized:0.0000; blocks.16.ln2_post.hook_normalized:0.0000; blocks.7.ln1_post.hook_normalized:0.0000; blocks.5.ln2_post.hook_normalized:0.0000; blocks.8.ln2_post.hook_normalized:0.0000; blocks.14.ln2_post.hook_normalized:0.0000; blocks.19.ln1_post.hook_normalized:0.0000; blocks.0.ln1_post.hook_normalized:0.0000; blocks.1.ln1_post.hook_normalized:0.0000; blocks.20.ln1_post.hook_normalized:0.0000; blocks.13.ln2_post.hook_normalized:0.0000; blocks.7.ln2_post.hook_normalized:0.0000; blocks.4.ln1_post.hook_normalized:0.0000; blocks.12.ln1_post.hook_normalized:0.0000; blocks.12.ln2_post.hook_normalized:0.0000; blocks.9.ln1_post.hook_normalized:0.0000; blocks.2.ln1_post.hook_normalized:0.0000; blocks.14.ln1_post.hook_normalized:0.0000; blocks.11.ln1_post.hook_normalized:0.0000; blocks.4.ln2_post.hook_normalized:0.0000; blocks.5.ln1_post.hook_normalized:0.0000; blocks.8.ln1_post.hook_normalized:0.0000; blocks.1.ln2_post.hook_normalized:0.0000; blocks.16.ln1_post.hook_normalized:0.0000; blocks.2.ln2_post.hook_normalized:0.0000; blocks.0.ln2_post.hook_normalized:0.0000; blocks.3.ln1_post.hook_normalized:0.0000; blocks.18.ln1_post.hook_normalized:0.0000
gemma2,3949,-3,lars,positive,0.6868813736494686,,blocks.6.ln1_post.hook_normalized:2.3192; blocks.20.ln2_post.hook_normalized:12.2515; blocks.0.hook_resid_post:1.4826; blocks.3.ln2_post.hook_normalized:2.9290; blocks.18.ln2_post.hook_normalized:4.8749; blocks.19.ln2_post.hook_normalized:2.8951; blocks.17.ln1_post.hook_normalized:0.6269; blocks.15.ln1_post.hook_normalized:0.0000; blocks.15.ln2_post.hook_normalized:0.0000; blocks.0.ln1_post.hook_normalized:0.0000; blocks.8.ln2_post.hook_normalized:0.0000; blocks.10.ln2_post.hook_normalized:0.0000; blocks.5.ln2_post.hook_normalized:0.0000; blocks.5.ln1_post.hook_normalized:0.0000; blocks.7.ln2_post.hook_normalized:0.0000; blocks.2.ln2_post.hook_normalized:0.0000; blocks.20.ln1_post.hook_normalized:0.0000; blocks.17.ln2_post.hook_normalized:0.0000; blocks.14.ln1_post.hook_normalized:0.0000; blocks.13.ln2_post.hook_normalized:0.0000; blocks.2.ln1_post.hook_normalized:0.0000; blocks.18.ln1_post.hook_normalized:0.0000; blocks.13.ln1_post.hook_normalized:0.0000; blocks.0.ln2_post.hook_normalized:0.0000; blocks.7.ln1_post.hook_normalized:0.0000; blocks.11.ln2_post.hook_normalized:0.0000; blocks.3.ln1_post.hook_normalized:0.0000; blocks.1.ln1_post.hook_normalized:0.0000; blocks.19.ln1_post.hook_normalized:0.0000; blocks.4.ln2_post.hook_normalized:0.0000; blocks.4.ln1_post.hook_normalized:0.0000; blocks.1.ln2_post.hook_normalized:0.0000; blocks.10.ln1_post.hook_normalized:0.0000; blocks.12.ln1_post.hook_normalized:0.0000; blocks.16.ln2_post.hook_normalized:0.0000; blocks.14.ln2_post.hook_normalized:0.0000; blocks.8.ln1_post.hook_normalized:0.0000; blocks.6.ln2_post.hook_normalized:0.0000; blocks.9.ln1_post.hook_normalized:0.0000; blocks.11.ln1_post.hook_normalized:0.0000; blocks.12.ln2_post.hook_normalized:0.0000; blocks.9.ln2_post.hook_normalized:0.0000; blocks.16.ln1_post.hook_normalized:0.0000
gemma2,3949,-1,diff,pos-vs-neg,,,blocks.0.hook_resid_post:1.1969; blocks.20.hook_resid_post:-0.9565; blocks.9.ln1_post.hook_normalized:-0.6153; blocks.13.ln2_post.hook_normalized:-0.5657; blocks.1.ln1_post.hook_normalized:0.4168; blocks.12.ln1_post.hook_normalized:0.4078; blocks.20.ln2_post.hook_normalized:-0.4000; blocks.14.ln2_post.hook_normalized:-0.3997; blocks.10.ln2_post.hook_normalized:-0.3948; blocks.10.ln1_post.hook_normalized:-0.3510; blocks.19.ln2_post.hook_normalized:0.3481; blocks.7.ln2_post.hook_normalized:0.3388; blocks.8.ln1_post.hook_normalized:-0.3181; blocks.3.ln2_post.hook_normalized:-0.3097; blocks.1.ln2_post.hook_normalized:-0.2818; blocks.0.ln2_post.hook_normalized:-0.2698; blocks.4.ln1_post.hook_normalized:0.2561; blocks.17.ln1_post.hook_normalized:-0.2458; blocks.16.ln1_post.hook_normalized:0.2396; blocks.11.ln1_post.hook_normalized:0.2345; blocks.8.ln2_post.hook_normalized:0.1994; blocks.13.ln1_post.hook_normalized:-0.1984; blocks.7.ln1_post.hook_normalized:0.1831; blocks.4.ln2_post.hook_normalized:-0.1734; blocks.2.ln2_post.hook_normalized:0.1599; blocks.19.ln1_post.hook_normalized:-0.1473; blocks.15.ln1_post.hook_normalized:-0.1028; blocks.9.ln2_post.hook_normalized:-0.0892; blocks.2.ln1_post.hook_normalized:-0.0858; blocks.11.ln2_post.hook_normalized:0.0823; blocks.12.ln2_post.hook_normalized:0.0820; blocks.17.ln2_post.hook_normalized:-0.0665; blocks.6.ln1_post.hook_normalized:0.0660; blocks.5.ln2_post.hook_normalized:-0.0624; blocks.15.ln2_post.hook_normalized:-0.0581; blocks.0.ln1_post.hook_normalized:-0.0580; blocks.3.ln1_post.hook_normalized:-0.0505; blocks.5.ln1_post.hook_normalized:-0.0402; blocks.6.ln2_post.hook_normalized:-0.0270; blocks.16.ln2_post.hook_normalized:0.0173; blocks.14.ln1_post.hook_normalized:0.0160; blocks.18.ln1_post.hook_normalized:-0.0102; blocks.18.ln2_post.hook_normalized:-0.0100; blocks.20.ln1_post.hook_normalized:-0.0070
gemma2,3949,-2,diff,pos-vs-neg,,,blocks.20.hook_resid_post:3.3350; blocks.0.hook_resid_post:-1.1704; blocks.9.ln1_post.hook_normalized:-0.6779; blocks.7.ln2_post.hook_normalized:0.5892; blocks.0.ln1_post.hook_normalized:0.4643; blocks.11.ln2_post.hook_normalized:0.4469; blocks.13.ln2_post.hook_normalized:-0.3883; blocks.8.ln1_post.hook_normalized:-0.3858; blocks.8.ln2_post.hook_normalized:0.3811; blocks.10.ln1_post.hook_normalized:-0.3665; blocks.4.ln1_post.hook_normalized:0.3664; blocks.18.ln1_post.hook_normalized:-0.3417; blocks.13.ln1_post.hook_normalized:-0.3230; blocks.15.ln2_post.hook_normalized:0.3079; blocks.19.ln1_post.hook_normalized:-0.3022; blocks.4.ln2_post.hook_normalized:0.2924; blocks.17.ln1_post.hook_normalized:0.2643; blocks.3.ln2_post.hook_normalized:-0.2538; blocks.20.ln2_post.hook_normalized:0.2448; blocks.6.ln1_post.hook_normalized:0.2219; blocks.10.ln2_post.hook_normalized:-0.2219; blocks.7.ln1_post.hook_normalized:-0.2048; blocks.14.ln2_post.hook_normalized:-0.1836; blocks.5.ln2_post.hook_normalized:0.1745; blocks.17.ln2_post.hook_normalized:0.1575; blocks.12.ln1_post.hook_normalized:0.1479; blocks.2.ln2_post.hook_normalized:0.1407; blocks.6.ln2_post.hook_normalized:0.1344; blocks.11.ln1_post.hook_normalized:-0.1336; blocks.3.ln1_post.hook_normalized:-0.1332; blocks.20.ln1_post.hook_normalized:0.1086; blocks.19.ln2_post.hook_normalized:0.0831; blocks.14.ln1_post.hook_normalized:-0.0709; blocks.16.ln1_post.hook_normalized:-0.0688; blocks.9.ln2_post.hook_normalized:0.0683; blocks.0.ln2_post.hook_normalized:0.0548; blocks.5.ln1_post.hook_normalized:0.0519; blocks.2.ln1_post.hook_normalized:-0.0510; blocks.16.ln2_post.hook_normalized:0.0477; blocks.12.ln2_post.hook_normalized:-0.0368; blocks.15.ln1_post.hook_normalized:-0.0363; blocks.1.ln2_post.hook_normalized:-0.0354; blocks.1.ln1_post.hook_normalized:0.0316; blocks.18.ln2_post.hook_normalized:-0.0176
gemma2,3949,-3,diff,pos-vs-neg,,,blocks.20.hook_resid_post:5.7519; blocks.9.ln1_post.hook_normalized:-0.6656; blocks.0.ln1_post.hook_normalized:0.6401; blocks.0.hook_resid_post:-0.6164; blocks.8.ln2_post.hook_normalized:0.4923; blocks.11.ln2_post.hook_normalized:0.4907; blocks.17.ln1_post.hook_normalized:0.4743; blocks.17.ln2_post.hook_normalized:0.3696; blocks.10.ln1_post.hook_normalized:-0.3583; blocks.8.ln1_post.hook_normalized:-0.3561; blocks.13.ln2_post.hook_normalized:-0.3378; blocks.7.ln2_post.hook_normalized:0.3335; blocks.19.ln2_post.hook_normalized:0.3185; blocks.10.ln2_post.hook_normalized:-0.2904; blocks.18.ln2_post.hook_normalized:0.2828; blocks.4.ln1_post.hook_normalized:0.2775; blocks.16.ln2_post.hook_normalized:0.2603; blocks.15.ln2_post.hook_normalized:0.2497; blocks.20.ln2_post.hook_normalized:0.2412; blocks.18.ln1_post.hook_normalized:-0.2370; blocks.0.ln2_post.hook_normalized:0.2302; blocks.13.ln1_post.hook_normalized:-0.2219; blocks.7.ln1_post.hook_normalized:-0.2159; blocks.5.ln2_post.hook_normalized:0.2029; blocks.3.ln1_post.hook_normalized:-0.2023; blocks.3.ln2_post.hook_normalized:-0.1992; blocks.6.ln1_post.hook_normalized:0.1817; blocks.9.ln2_post.hook_normalized:0.1651; blocks.14.ln2_post.hook_normalized:0.1540; blocks.6.ln2_post.hook_normalized:0.1522; blocks.2.ln1_post.hook_normalized:-0.1468; blocks.4.ln2_post.hook_normalized:0.1414; blocks.12.ln1_post.hook_normalized:0.1397; blocks.20.ln1_post.hook_normalized:0.1318; blocks.19.ln1_post.hook_normalized:-0.1294; blocks.15.ln1_post.hook_normalized:-0.1117; blocks.16.ln1_post.hook_normalized:-0.0973; blocks.1.ln1_post.hook_normalized:0.0903; blocks.11.ln1_post.hook_normalized:-0.0891; blocks.2.ln2_post.hook_normalized:0.0699; blocks.14.ln1_post.hook_normalized:-0.0532; blocks.1.ln2_post.hook_normalized:-0.0457; blocks.12.ln2_post.hook_normalized:0.0169; blocks.5.ln1_post.hook_normalized:-0.0142
gemma2,3949,-1,Component Similarities,All,,,blocks.0.hook_resid_post:0.0972; blocks.20.ln2_post.hook_normalized:-0.0645; blocks.17.ln1_post.hook_normalized:-0.0613; blocks.6.ln1_post.hook_normalized:-0.0566; blocks.13.ln2_post.hook_normalized:-0.0447; blocks.9.ln1_post.hook_normalized:-0.0420; blocks.10.ln1_post.hook_normalized:-0.0400; blocks.8.ln1_post.hook_normalized:-0.0398; blocks.4.ln1_post.hook_normalized:0.0383; blocks.12.ln1_post.hook_normalized:0.0378; blocks.7.ln2_post.hook_normalized:0.0359; blocks.14.ln2_post.hook_normalized:-0.0349; blocks.10.ln2_post.hook_normalized:-0.0337; blocks.1.ln2_post.hook_normalized:-0.0322; blocks.3.ln2_post.hook_normalized:-0.0306; blocks.20.hook_resid_post:-0.0284; blocks.1.ln1_post.hook_normalized:0.0281; blocks.16.ln1_post.hook_normalized:0.0271; blocks.9.ln2_post.hook_normalized:-0.0227; blocks.13.ln1_post.hook_normalized:-0.0223; blocks.4.ln2_post.hook_normalized:-0.0221; blocks.0.ln2_post.hook_normalized:-0.0219; blocks.2.ln2_post.hook_normalized:0.0219; blocks.19.ln2_post.hook_normalized:0.0209; blocks.8.ln2_post.hook_normalized:0.0166; blocks.11.ln1_post.hook_normalized:0.0154; blocks.20.ln1_post.hook_normalized:0.0121; blocks.19.ln1_post.hook_normalized:-0.0120; blocks.7.ln1_post.hook_normalized:0.0118; blocks.18.ln1_post.hook_normalized:0.0118; blocks.15.ln1_post.hook_normalized:-0.0109; blocks.17.ln2_post.hook_normalized:-0.0091; blocks.6.ln2_post.hook_normalized:-0.0079; blocks.3.ln1_post.hook_normalized:-0.0078; blocks.15.ln2_post.hook_normalized:-0.0071; blocks.11.ln2_post.hook_normalized:0.0067; blocks.12.ln2_post.hook_normalized:0.0063; blocks.5.ln2_post.hook_normalized:-0.0034; blocks.2.ln1_post.hook_normalized:-0.0031; blocks.5.ln1_post.hook_normalized:-0.0027; blocks.14.ln1_post.hook_normalized:-0.0013; blocks.16.ln2_post.hook_normalized:0.0010; blocks.18.ln2_post.hook_normalized:0.0004; blocks.0.ln1_post.hook_normalized:-0.0002
gemma2,3949,-2,Component Similarities,All,,,blocks.0.hook_resid_post:-0.0850; blocks.20.hook_resid_post:0.0669; blocks.7.ln2_post.hook_normalized:0.0625; blocks.8.ln1_post.hook_normalized:-0.0544; blocks.3.ln2_post.hook_normalized:-0.0535; blocks.4.ln1_post.hook_normalized:0.0515; blocks.9.ln1_post.hook_normalized:-0.0498; blocks.11.ln2_post.hook_normalized:0.0452; blocks.4.ln2_post.hook_normalized:0.0435; blocks.18.ln1_post.hook_normalized:-0.0432; blocks.15.ln2_post.hook_normalized:0.0427; blocks.8.ln2_post.hook_normalized:0.0420; blocks.13.ln1_post.hook_normalized:-0.0420; blocks.13.ln2_post.hook_normalized:-0.0410; blocks.20.ln1_post.hook_normalized:0.0403; blocks.19.ln1_post.hook_normalized:-0.0374; blocks.0.ln1_post.hook_normalized:0.0366; blocks.10.ln1_post.hook_normalized:-0.0359; blocks.6.ln1_post.hook_normalized:-0.0276; blocks.17.ln1_post.hook_normalized:0.0239; blocks.5.ln2_post.hook_normalized:0.0232; blocks.3.ln1_post.hook_normalized:-0.0231; blocks.2.ln2_post.hook_normalized:0.0212; blocks.14.ln2_post.hook_normalized:-0.0211; blocks.10.ln2_post.hook_normalized:-0.0210; blocks.6.ln2_post.hook_normalized:0.0190; blocks.2.ln1_post.hook_normalized:-0.0175; blocks.17.ln2_post.hook_normalized:0.0175; blocks.12.ln1_post.hook_normalized:0.0173; blocks.20.ln2_post.hook_normalized:0.0172; blocks.7.ln1_post.hook_normalized:-0.0154; blocks.14.ln1_post.hook_normalized:-0.0148; blocks.16.ln1_post.hook_normalized:-0.0120; blocks.11.ln1_post.hook_normalized:-0.0084; blocks.15.ln1_post.hook_normalized:-0.0072; blocks.19.ln2_post.hook_normalized:-0.0058; blocks.0.ln2_post.hook_normalized:0.0058; blocks.16.ln2_post.hook_normalized:0.0056; blocks.18.ln2_post.hook_normalized:0.0056; blocks.9.ln2_post.hook_normalized:-0.0039; blocks.12.ln2_post.hook_normalized:-0.0027; blocks.5.ln1_post.hook_normalized:0.0023; blocks.1.ln2_post.hook_normalized:-0.0014; blocks.1.ln1_post.hook_normalized:0.0011
gemma2,3949,-3,Component Similarities,All,,,blocks.20.hook_resid_post:0.0977; blocks.0.ln1_post.hook_normalized:0.0640; blocks.11.ln2_post.hook_normalized:0.0557; blocks.18.ln2_post.hook_normalized:0.0557; blocks.17.ln2_post.hook_normalized:0.0544; blocks.8.ln2_post.hook_normalized:0.0535; blocks.8.ln1_post.hook_normalized:-0.0527; blocks.17.ln1_post.hook_normalized:0.0522; blocks.9.ln1_post.hook_normalized:-0.0505; blocks.7.ln2_post.hook_normalized:0.0491; blocks.0.hook_resid_post:-0.0464; blocks.4.ln1_post.hook_normalized:0.0437; blocks.20.ln1_post.hook_normalized:0.0413; blocks.15.ln2_post.hook_normalized:0.0400; blocks.3.ln2_post.hook_normalized:-0.0378; blocks.3.ln1_post.hook_normalized:-0.0371; blocks.10.ln1_post.hook_normalized:-0.0361; blocks.13.ln2_post.hook_normalized:-0.0361; blocks.18.ln1_post.hook_normalized:-0.0356; blocks.0.ln2_post.hook_normalized:0.0349; blocks.10.ln2_post.hook_normalized:-0.0347; blocks.2.ln1_post.hook_normalized:-0.0320; blocks.5.ln2_post.hook_normalized:0.0291; blocks.16.ln2_post.hook_normalized:0.0283; blocks.20.ln2_post.hook_normalized:0.0282; blocks.13.ln1_post.hook_normalized:-0.0278; blocks.4.ln2_post.hook_normalized:0.0232; blocks.14.ln2_post.hook_normalized:0.0215; blocks.6.ln2_post.hook_normalized:0.0210; blocks.6.ln1_post.hook_normalized:-0.0206; blocks.19.ln2_post.hook_normalized:0.0186; blocks.15.ln1_post.hook_normalized:-0.0165; blocks.7.ln1_post.hook_normalized:-0.0164; blocks.2.ln2_post.hook_normalized:0.0154; blocks.12.ln1_post.hook_normalized:0.0144; blocks.16.ln1_post.hook_normalized:-0.0142; blocks.14.ln1_post.hook_normalized:-0.0092; blocks.1.ln1_post.hook_normalized:0.0068; blocks.11.ln1_post.hook_normalized:-0.0066; blocks.1.ln2_post.hook_normalized:0.0052; blocks.9.ln2_post.hook_normalized:0.0045; blocks.12.ln2_post.hook_normalized:0.0028; blocks.5.ln1_post.hook_normalized:-0.0016; blocks.19.ln1_post.hook_normalized:0.0009
gemma2,7988,-1,lars,negative,0.4482648842592861,,blocks.20.ln2_post.hook_normalized:6.2327; blocks.3.ln2_post.hook_normalized:2.7347; blocks.6.ln1_post.hook_normalized:7.7447; blocks.0.ln1_post.hook_normalized:1.5727; blocks.18.ln2_post.hook_normalized:0.7242; blocks.15.ln2_post.hook_normalized:0.0815; blocks.14.ln2_post.hook_normalized:0.0256; blocks.11.ln2_post.hook_normalized:0.0000; blocks.9.ln2_post.hook_normalized:0.0000; blocks.16.ln2_post.hook_normalized:0.0000; blocks.19.ln2_post.hook_normalized:0.0000; blocks.13.ln1_post.hook_normalized:0.0000; blocks.8.ln2_post.hook_normalized:0.0000; blocks.3.ln1_post.hook_normalized:0.0000; blocks.11.ln1_post.hook_normalized:0.0000; blocks.12.ln2_post.hook_normalized:0.0000; blocks.13.ln2_post.hook_normalized:0.0000; blocks.6.ln2_post.hook_normalized:0.0000; blocks.17.ln2_post.hook_normalized:0.0000; blocks.17.ln1_post.hook_normalized:0.0000; blocks.7.ln2_post.hook_normalized:0.0000; blocks.7.ln1_post.hook_normalized:0.0000; blocks.4.ln1_post.hook_normalized:0.0000; blocks.5.ln2_post.hook_normalized:0.0000; blocks.20.ln1_post.hook_normalized:0.0000; blocks.10.ln2_post.hook_normalized:0.0000; blocks.19.ln1_post.hook_normalized:0.0000; blocks.10.ln1_post.hook_normalized:0.0000; blocks.0.hook_resid_post:0.0000; blocks.5.ln1_post.hook_normalized:0.0000; blocks.1.ln1_post.hook_normalized:0.0000; blocks.12.ln1_post.hook_normalized:0.0000; blocks.15.ln1_post.hook_normalized:0.0000; blocks.8.ln1_post.hook_normalized:0.0000; blocks.16.ln1_post.hook_normalized:0.0000; blocks.18.ln1_post.hook_normalized:0.0000; blocks.2.ln1_post.hook_normalized:0.0000; blocks.9.ln1_post.hook_normalized:0.0000; blocks.4.ln2_post.hook_normalized:0.0000; blocks.14.ln1_post.hook_normalized:0.0000; blocks.0.ln2_post.hook_normalized:0.0000; blocks.1.ln2_post.hook_normalized:0.0000; blocks.2.ln2_post.hook_normalized:0.0000
gemma2,7988,-1,lars,positive,0.6271071644964454,,blocks.0.hook_resid_post:-2.2543; blocks.3.ln2_post.hook_normalized:8.5122; blocks.20.ln2_post.hook_normalized:10.2702; blocks.15.ln2_post.hook_normalized:0.4651; blocks.14.ln2_post.hook_normalized:2.9516; blocks.0.ln2_post.hook_normalized:-1.3312; blocks.6.ln1_post.hook_normalized:0.2713; blocks.13.ln1_post.hook_normalized:0.0000; blocks.0.ln1_post.hook_normalized:0.0000; blocks.16.ln2_post.hook_normalized:0.0000; blocks.1.ln2_post.hook_normalized:0.0000; blocks.10.ln1_post.hook_normalized:0.0000; blocks.11.ln2_post.hook_normalized:0.0000; blocks.3.ln1_post.hook_normalized:0.0000; blocks.19.ln2_post.hook_normalized:0.0000; blocks.5.ln1_post.hook_normalized:0.0000; blocks.2.ln2_post.hook_normalized:0.0000; blocks.11.ln1_post.hook_normalized:0.0000; blocks.17.ln1_post.hook_normalized:0.0000; blocks.17.ln2_post.hook_normalized:0.0000; blocks.16.ln1_post.hook_normalized:0.0000; blocks.12.ln2_post.hook_normalized:0.0000; blocks.4.ln1_post.hook_normalized:0.0000; blocks.13.ln2_post.hook_normalized:0.0000; blocks.9.ln1_post.hook_normalized:0.0000; blocks.8.ln2_post.hook_normalized:0.0000; blocks.10.ln2_post.hook_normalized:0.0000; blocks.7.ln2_post.hook_normalized:0.0000; blocks.4.ln2_post.hook_normalized:0.0000; blocks.9.ln2_post.hook_normalized:0.0000; blocks.7.ln1_post.hook_normalized:0.0000; blocks.12.ln1_post.hook_normalized:0.0000; blocks.14.ln1_post.hook_normalized:0.0000; blocks.6.ln2_post.hook_normalized:0.0000; blocks.18.ln1_post.hook_normalized:0.0000; blocks.5.ln2_post.hook_normalized:0.0000; blocks.1.ln1_post.hook_normalized:0.0000; blocks.19.ln1_post.hook_normalized:0.0000; blocks.15.ln1_post.hook_normalized:0.0000; blocks.18.ln2_post.hook_normalized:0.0000; blocks.20.ln1_post.hook_normalized:0.0000; blocks.2.ln1_post.hook_normalized:0.0000; blocks.8.ln1_post.hook_normalized:0.0000
gemma2,7988,-2,lars,negative,0.15991011200480687,,blocks.3.ln2_post.hook_normalized:2.4288; blocks.20.ln2_post.hook_normalized:8.4514; blocks.6.ln1_post.hook_normalized:5.9969; blocks.17.ln1_post.hook_normalized:1.6499; blocks.18.ln2_post.hook_normalized:1.2050; blocks.11.ln2_post.hook_normalized:0.3988; blocks.13.ln1_post.hook_normalized:0.0250; blocks.15.ln2_post.hook_normalized:0.0000; blocks.19.ln2_post.hook_normalized:0.0000; blocks.14.ln2_post.hook_normalized:0.0000; blocks.8.ln2_post.hook_normalized:0.0000; blocks.12.ln2_post.hook_normalized:0.0000; blocks.6.ln2_post.hook_normalized:0.0000; blocks.10.ln1_post.hook_normalized:0.0000; blocks.16.ln2_post.hook_normalized:0.0000; blocks.4.ln1_post.hook_normalized:0.0000; blocks.0.ln1_post.hook_normalized:0.0000; blocks.0.hook_resid_post:0.0000; blocks.9.ln2_post.hook_normalized:0.0000; blocks.3.ln1_post.hook_normalized:0.0000; blocks.17.ln2_post.hook_normalized:0.0000; blocks.7.ln2_post.hook_normalized:0.0000; blocks.13.ln2_post.hook_normalized:0.0000; blocks.5.ln2_post.hook_normalized:0.0000; blocks.11.ln1_post.hook_normalized:0.0000; blocks.15.ln1_post.hook_normalized:0.0000; blocks.10.ln2_post.hook_normalized:0.0000; blocks.1.ln1_post.hook_normalized:0.0000; blocks.20.ln1_post.hook_normalized:0.0000; blocks.5.ln1_post.hook_normalized:0.0000; blocks.19.ln1_post.hook_normalized:0.0000; blocks.7.ln1_post.hook_normalized:0.0000; blocks.4.ln2_post.hook_normalized:0.0000; blocks.14.ln1_post.hook_normalized:0.0000; blocks.1.ln2_post.hook_normalized:0.0000; blocks.2.ln1_post.hook_normalized:0.0000; blocks.2.ln2_post.hook_normalized:0.0000; blocks.8.ln1_post.hook_normalized:0.0000; blocks.9.ln1_post.hook_normalized:0.0000; blocks.0.ln2_post.hook_normalized:0.0000; blocks.18.ln1_post.hook_normalized:0.0000; blocks.16.ln1_post.hook_normalized:0.0000; blocks.12.ln1_post.hook_normalized:0.0000
gemma2,7988,-2,lars,positive,-0.087593550205324,,blocks.20.ln2_post.hook_normalized:5.2642; blocks.3.ln2_post.hook_normalized:2.4666; blocks.6.ln1_post.hook_normalized:8.2004; blocks.17.ln1_post.hook_normalized:7.0181; blocks.0.hook_resid_post:0.1110; blocks.13.ln1_post.hook_normalized:1.0539; blocks.18.ln2_post.hook_normalized:0.4152; blocks.15.ln2_post.hook_normalized:0.0000; blocks.8.ln2_post.hook_normalized:0.0000; blocks.12.ln2_post.hook_normalized:0.0000; blocks.14.ln2_post.hook_normalized:0.0000; blocks.0.ln1_post.hook_normalized:0.0000; blocks.1.ln1_post.hook_normalized:0.0000; blocks.11.ln2_post.hook_normalized:0.0000; blocks.5.ln1_post.hook_normalized:0.0000; blocks.17.ln2_post.hook_normalized:0.0000; blocks.16.ln2_post.hook_normalized:0.0000; blocks.6.ln2_post.hook_normalized:0.0000; blocks.7.ln2_post.hook_normalized:0.0000; blocks.9.ln2_post.hook_normalized:0.0000; blocks.13.ln2_post.hook_normalized:0.0000; blocks.4.ln1_post.hook_normalized:0.0000; blocks.19.ln2_post.hook_normalized:0.0000; blocks.19.ln1_post.hook_normalized:0.0000; blocks.20.ln1_post.hook_normalized:0.0000; blocks.7.ln1_post.hook_normalized:0.0000; blocks.9.ln1_post.hook_normalized:0.0000; blocks.15.ln1_post.hook_normalized:0.0000; blocks.5.ln2_post.hook_normalized:0.0000; blocks.10.ln2_post.hook_normalized:0.0000; blocks.12.ln1_post.hook_normalized:0.0000; blocks.0.ln2_post.hook_normalized:0.0000; blocks.4.ln2_post.hook_normalized:0.0000; blocks.1.ln2_post.hook_normalized:0.0000; blocks.2.ln1_post.hook_normalized:0.0000; blocks.8.ln1_post.hook_normalized:0.0000; blocks.10.ln1_post.hook_normalized:0.0000; blocks.16.ln1_post.hook_normalized:0.0000; blocks.2.ln2_post.hook_normalized:0.0000; blocks.11.ln1_post.hook_normalized:0.0000; blocks.14.ln1_post.hook_normalized:0.0000; blocks.3.ln1_post.hook_normalized:0.0000; blocks.18.ln1_post.hook_normalized:0.0000
gemma2,7988,-3,lars,negative,0.4068496286725355,,blocks.3.ln2_post.hook_normalized:1.8667; blocks.20.ln2_post.hook_normalized:7.2646; blocks.6.ln1_post.hook_normalized:4.9257; blocks.17.ln1_post.hook_normalized:3.8275; blocks.0.hook_resid_post:0.0849; blocks.18.ln2_post.hook_normalized:4.9544; blocks.13.ln1_post.hook_normalized:0.3137; blocks.16.ln2_post.hook_normalized:0.0000; blocks.15.ln2_post.hook_normalized:0.0000; blocks.14.ln2_post.hook_normalized:0.0000; blocks.9.ln2_post.hook_normalized:0.0000; blocks.19.ln2_post.hook_normalized:0.0000; blocks.11.ln2_post.hook_normalized:0.0000; blocks.6.ln2_post.hook_normalized:0.0000; blocks.3.ln1_post.hook_normalized:0.0000; blocks.0.ln1_post.hook_normalized:0.0000; blocks.5.ln2_post.hook_normalized:0.0000; blocks.10.ln1_post.hook_normalized:0.0000; blocks.1.ln1_post.hook_normalized:0.0000; blocks.4.ln1_post.hook_normalized:0.0000; blocks.10.ln2_post.hook_normalized:0.0000; blocks.8.ln2_post.hook_normalized:0.0000; blocks.13.ln2_post.hook_normalized:0.0000; blocks.7.ln2_post.hook_normalized:0.0000; blocks.15.ln1_post.hook_normalized:0.0000; blocks.12.ln2_post.hook_normalized:0.0000; blocks.5.ln1_post.hook_normalized:0.0000; blocks.17.ln2_post.hook_normalized:0.0000; blocks.7.ln1_post.hook_normalized:0.0000; blocks.20.ln1_post.hook_normalized:0.0000; blocks.12.ln1_post.hook_normalized:0.0000; blocks.19.ln1_post.hook_normalized:0.0000; blocks.11.ln1_post.hook_normalized:0.0000; blocks.14.ln1_post.hook_normalized:0.0000; blocks.9.ln1_post.hook_normalized:0.0000; blocks.8.ln1_post.hook_normalized:0.0000; blocks.4.ln2_post.hook_normalized:0.0000; blocks.1.ln2_post.hook_normalized:0.0000; blocks.2.ln1_post.hook_normalized:0.0000; blocks.18.ln1_post.hook_normalized:0.0000; blocks.2.ln2_post.hook_normalized:0.0000; blocks.0.ln2_post.hook_normalized:0.0000; blocks.16.ln1_post.hook_normalized:0.0000
gemma2,7988,-3,lars,positive,0.2710556848341178,,blocks.3.ln2_post.hook_normalized:5.0873; blocks.20.ln2_post.hook_normalized:5.5567; blocks.0.hook_resid_post:0.9900; blocks.6.ln1_post.hook_normalized:1.6349; blocks.17.ln1_post.hook_normalized:5.6049; blocks.18.ln2_post.hook_normalized:6.1275; blocks.15.ln2_post.hook_normalized:1.1034; blocks.13.ln1_post.hook_normalized:0.0000; blocks.14.ln2_post.hook_normalized:0.0000; blocks.11.ln2_post.hook_normalized:0.0000; blocks.6.ln2_post.hook_normalized:0.0000; blocks.10.ln1_post.hook_normalized:0.0000; blocks.17.ln2_post.hook_normalized:0.0000; blocks.19.ln2_post.hook_normalized:0.0000; blocks.13.ln2_post.hook_normalized:0.0000; blocks.15.ln1_post.hook_normalized:0.0000; blocks.7.ln2_post.hook_normalized:0.0000; blocks.8.ln2_post.hook_normalized:0.0000; blocks.10.ln2_post.hook_normalized:0.0000; blocks.0.ln2_post.hook_normalized:0.0000; blocks.9.ln2_post.hook_normalized:0.0000; blocks.19.ln1_post.hook_normalized:0.0000; blocks.0.ln1_post.hook_normalized:0.0000; blocks.4.ln2_post.hook_normalized:0.0000; blocks.5.ln1_post.hook_normalized:0.0000; blocks.20.ln1_post.hook_normalized:0.0000; blocks.11.ln1_post.hook_normalized:0.0000; blocks.18.ln1_post.hook_normalized:0.0000; blocks.2.ln2_post.hook_normalized:0.0000; blocks.12.ln2_post.hook_normalized:0.0000; blocks.12.ln1_post.hook_normalized:0.0000; blocks.14.ln1_post.hook_normalized:0.0000; blocks.2.ln1_post.hook_normalized:0.0000; blocks.1.ln2_post.hook_normalized:0.0000; blocks.16.ln2_post.hook_normalized:0.0000; blocks.1.ln1_post.hook_normalized:0.0000; blocks.8.ln1_post.hook_normalized:0.0000; blocks.16.ln1_post.hook_normalized:0.0000; blocks.4.ln1_post.hook_normalized:0.0000; blocks.3.ln1_post.hook_normalized:0.0000; blocks.9.ln1_post.hook_normalized:0.0000; blocks.5.ln2_post.hook_normalized:0.0000; blocks.7.ln1_post.hook_normalized:0.0000
gemma2,7988,-1,diff,pos-vs-neg,,,blocks.20.hook_resid_post:2.6428; blocks.0.hook_resid_post:1.7804; blocks.16.ln1_post.hook_normalized:0.6849; blocks.20.ln2_post.hook_normalized:-0.5975; blocks.17.ln2_post.hook_normalized:-0.5339; blocks.1.ln2_post.hook_normalized:-0.4904; blocks.19.ln2_post.hook_normalized:0.4853; blocks.1.ln1_post.hook_normalized:0.4740; blocks.0.ln2_post.hook_normalized:-0.4671; blocks.4.ln2_post.hook_normalized:-0.3896; blocks.4.ln1_post.hook_normalized:0.3690; blocks.7.ln1_post.hook_normalized:0.3015; blocks.3.ln1_post.hook_normalized:0.2846; blocks.10.ln2_post.hook_normalized:-0.2792; blocks.5.ln2_post.hook_normalized:0.2731; blocks.15.ln2_post.hook_normalized:0.2534; blocks.8.ln1_post.hook_normalized:-0.2431; blocks.6.ln2_post.hook_normalized:-0.2368; blocks.14.ln1_post.hook_normalized:-0.2324; blocks.11.ln1_post.hook_normalized:0.2306; blocks.11.ln2_post.hook_normalized:0.2093; blocks.17.ln1_post.hook_normalized:-0.2007; blocks.12.ln1_post.hook_normalized:0.1305; blocks.18.ln1_post.hook_normalized:0.1190; blocks.8.ln2_post.hook_normalized:0.1122; blocks.3.ln2_post.hook_normalized:0.1115; blocks.19.ln1_post.hook_normalized:-0.1107; blocks.20.ln1_post.hook_normalized:0.0831; blocks.6.ln1_post.hook_normalized:0.0664; blocks.13.ln1_post.hook_normalized:0.0640; blocks.14.ln2_post.hook_normalized:-0.0640; blocks.16.ln2_post.hook_normalized:-0.0614; blocks.2.ln2_post.hook_normalized:0.0556; blocks.9.ln1_post.hook_normalized:-0.0438; blocks.2.ln1_post.hook_normalized:0.0410; blocks.15.ln1_post.hook_normalized:0.0401; blocks.13.ln2_post.hook_normalized:0.0399; blocks.10.ln1_post.hook_normalized:0.0252; blocks.5.ln1_post.hook_normalized:-0.0218; blocks.12.ln2_post.hook_normalized:0.0193; blocks.0.ln1_post.hook_normalized:0.0125; blocks.18.ln2_post.hook_normalized:-0.0104; blocks.7.ln2_post.hook_normalized:-0.0095; blocks.9.ln2_post.hook_normalized:-0.0054
gemma2,7988,-2,diff,pos-vs-neg,,,blocks.20.hook_resid_post:9.8441; blocks.0.ln1_post.hook_normalized:0.7114; blocks.10.ln2_post.hook_normalized:-0.5919; blocks.15.ln2_post.hook_normalized:0.5276; blocks.4.ln1_post.hook_normalized:0.5106; blocks.19.ln2_post.hook_normalized:0.4630; blocks.8.ln2_post.hook_normalized:0.3971; blocks.13.ln2_post.hook_normalized:0.3571; blocks.11.ln2_post.hook_normalized:0.3252; blocks.16.ln1_post.hook_normalized:0.3035; blocks.5.ln2_post.hook_normalized:0.2780; blocks.17.ln1_post.hook_normalized:0.2378; blocks.9.ln2_post.hook_normalized:0.2349; blocks.0.ln2_post.hook_normalized:0.2317; blocks.6.ln1_post.hook_normalized:0.2036; blocks.10.ln1_post.hook_normalized:-0.2019; blocks.14.ln1_post.hook_normalized:-0.1969; blocks.20.ln2_post.hook_normalized:0.1828; blocks.8.ln1_post.hook_normalized:-0.1690; blocks.1.ln1_post.hook_normalized:0.1669; blocks.14.ln2_post.hook_normalized:0.1652; blocks.13.ln1_post.hook_normalized:-0.1492; blocks.4.ln2_post.hook_normalized:0.1403; blocks.3.ln1_post.hook_normalized:0.1345; blocks.9.ln1_post.hook_normalized:-0.1282; blocks.0.hook_resid_post:-0.1155; blocks.19.ln1_post.hook_normalized:0.1128; blocks.16.ln2_post.hook_normalized:0.1022; blocks.20.ln1_post.hook_normalized:0.0940; blocks.7.ln2_post.hook_normalized:0.0895; blocks.3.ln2_post.hook_normalized:-0.0846; blocks.18.ln2_post.hook_normalized:0.0834; blocks.17.ln2_post.hook_normalized:-0.0624; blocks.15.ln1_post.hook_normalized:-0.0607; blocks.2.ln1_post.hook_normalized:0.0600; blocks.12.ln1_post.hook_normalized:-0.0551; blocks.18.ln1_post.hook_normalized:-0.0340; blocks.2.ln2_post.hook_normalized:-0.0265; blocks.1.ln2_post.hook_normalized:0.0232; blocks.7.ln1_post.hook_normalized:0.0185; blocks.12.ln2_post.hook_normalized:0.0165; blocks.5.ln1_post.hook_normalized:0.0153; blocks.11.ln1_post.hook_normalized:0.0074; blocks.6.ln2_post.hook_normalized:-0.0028
gemma2,7988,-3,diff,pos-vs-neg,,,blocks.20.hook_resid_post:11.2817; blocks.4.ln1_post.hook_normalized:0.6157; blocks.0.ln1_post.hook_normalized:0.5607; blocks.10.ln2_post.hook_normalized:-0.4946; blocks.15.ln2_post.hook_normalized:0.4444; blocks.18.ln2_post.hook_normalized:0.4335; blocks.1.ln1_post.hook_normalized:0.3753; blocks.19.ln2_post.hook_normalized:0.3719; blocks.0.hook_resid_post:0.3672; blocks.17.ln1_post.hook_normalized:0.3465; blocks.20.ln2_post.hook_normalized:0.3446; blocks.5.ln2_post.hook_normalized:0.3419; blocks.16.ln1_post.hook_normalized:0.3324; blocks.16.ln2_post.hook_normalized:0.2485; blocks.6.ln1_post.hook_normalized:0.1996; blocks.3.ln2_post.hook_normalized:-0.1967; blocks.14.ln2_post.hook_normalized:0.1953; blocks.3.ln1_post.hook_normalized:0.1856; blocks.8.ln2_post.hook_normalized:0.1739; blocks.13.ln2_post.hook_normalized:0.1721; blocks.20.ln1_post.hook_normalized:0.1588; blocks.8.ln1_post.hook_normalized:-0.1561; blocks.14.ln1_post.hook_normalized:-0.1482; blocks.17.ln2_post.hook_normalized:0.1366; blocks.12.ln1_post.hook_normalized:0.1325; blocks.11.ln1_post.hook_normalized:0.1139; blocks.19.ln1_post.hook_normalized:0.0984; blocks.9.ln1_post.hook_normalized:-0.0955; blocks.6.ln2_post.hook_normalized:-0.0642; blocks.18.ln1_post.hook_normalized:-0.0583; blocks.5.ln1_post.hook_normalized:-0.0573; blocks.1.ln2_post.hook_normalized:-0.0502; blocks.10.ln1_post.hook_normalized:-0.0394; blocks.7.ln2_post.hook_normalized:0.0336; blocks.11.ln2_post.hook_normalized:0.0310; blocks.12.ln2_post.hook_normalized:0.0308; blocks.4.ln2_post.hook_normalized:-0.0304; blocks.2.ln2_post.hook_normalized:0.0251; blocks.0.ln2_post.hook_normalized:0.0228; blocks.13.ln1_post.hook_normalized:-0.0223; blocks.9.ln2_post.hook_normalized:-0.0098; blocks.7.ln1_post.hook_normalized:-0.0058; blocks.2.ln1_post.hook_normalized:0.0040; blocks.15.ln1_post.hook_normalized:0.0010
gemma2,7988,-1,Component Similarities,All,,,blocks.0.hook_resid_post:0.1084; blocks.20.ln2_post.hook_normalized:-0.0747; blocks.16.ln1_post.hook_normalized:0.0723; blocks.17.ln1_post.hook_normalized:-0.0571; blocks.17.ln2_post.hook_normalized:-0.0547; blocks.4.ln2_post.hook_normalized:-0.0527; blocks.1.ln2_post.hook_normalized:-0.0500; blocks.4.ln1_post.hook_normalized:0.0437; blocks.5.ln2_post.hook_normalized:0.0371; blocks.6.ln1_post.hook_normalized:-0.0369; blocks.0.ln2_post.hook_normalized:-0.0349; blocks.19.ln2_post.hook_normalized:0.0347; blocks.1.ln1_post.hook_normalized:0.0337; blocks.14.ln1_post.hook_normalized:-0.0317; blocks.8.ln1_post.hook_normalized:-0.0289; blocks.20.ln1_post.hook_normalized:0.0280; blocks.20.hook_resid_post:0.0251; blocks.6.ln2_post.hook_normalized:-0.0248; blocks.18.ln1_post.hook_normalized:0.0234; blocks.15.ln2_post.hook_normalized:0.0233; blocks.3.ln1_post.hook_normalized:0.0221; blocks.2.ln2_post.hook_normalized:0.0201; blocks.7.ln1_post.hook_normalized:0.0194; blocks.10.ln2_post.hook_normalized:-0.0188; blocks.11.ln2_post.hook_normalized:0.0167; blocks.19.ln1_post.hook_normalized:-0.0150; blocks.11.ln1_post.hook_normalized:0.0143; blocks.12.ln1_post.hook_normalized:0.0119; blocks.16.ln2_post.hook_normalized:-0.0108; blocks.9.ln2_post.hook_normalized:-0.0098; blocks.8.ln2_post.hook_normalized:0.0092; blocks.15.ln1_post.hook_normalized:0.0082; blocks.2.ln1_post.hook_normalized:0.0078; blocks.13.ln1_post.hook_normalized:0.0075; blocks.13.ln2_post.hook_normalized:0.0061; blocks.14.ln2_post.hook_normalized:-0.0057; blocks.0.ln1_post.hook_normalized:0.0048; blocks.9.ln1_post.hook_normalized:-0.0027; blocks.5.ln1_post.hook_normalized:-0.0024; blocks.3.ln2_post.hook_normalized:-0.0015; blocks.18.ln2_post.hook_normalized:-0.0006; blocks.10.ln1_post.hook_normalized:-0.0005; blocks.12.ln2_post.hook_normalized:-0.0004; blocks.7.ln2_post.hook_normalized:0.0003
gemma2,7988,-2,Component Similarities,All,,,blocks.20.hook_resid_post:0.1348; blocks.15.ln2_post.hook_normalized:0.0659; blocks.4.ln1_post.hook_normalized:0.0649; blocks.0.ln1_post.hook_normalized:0.0591; blocks.10.ln2_post.hook_normalized:-0.0569; blocks.8.ln2_post.hook_normalized:0.0476; blocks.3.ln2_post.hook_normalized:-0.0466; blocks.19.ln2_post.hook_normalized:0.0393; blocks.13.ln2_post.hook_normalized:0.0376; blocks.5.ln2_post.hook_normalized:0.0337; blocks.11.ln2_post.hook_normalized:0.0332; blocks.20.ln1_post.hook_normalized:0.0330; blocks.14.ln1_post.hook_normalized:-0.0320; blocks.3.ln1_post.hook_normalized:0.0304; blocks.8.ln1_post.hook_normalized:-0.0282; blocks.4.ln2_post.hook_normalized:0.0261; blocks.0.ln2_post.hook_normalized:0.0260; blocks.19.ln1_post.hook_normalized:0.0249; blocks.10.ln1_post.hook_normalized:-0.0229; blocks.16.ln1_post.hook_normalized:0.0227; blocks.13.ln1_post.hook_normalized:-0.0209; blocks.14.ln2_post.hook_normalized:0.0192; blocks.9.ln2_post.hook_normalized:0.0189; blocks.16.ln2_post.hook_normalized:0.0138; blocks.18.ln2_post.hook_normalized:0.0138; blocks.6.ln1_post.hook_normalized:-0.0137; blocks.17.ln1_post.hook_normalized:0.0135; blocks.1.ln1_post.hook_normalized:0.0124; blocks.1.ln2_post.hook_normalized:0.0121; blocks.0.hook_resid_post:-0.0111; blocks.20.ln2_post.hook_normalized:0.0109; blocks.17.ln2_post.hook_normalized:-0.0104; blocks.7.ln2_post.hook_normalized:0.0101; blocks.9.ln1_post.hook_normalized:-0.0097; blocks.15.ln1_post.hook_normalized:-0.0087; blocks.2.ln2_post.hook_normalized:0.0069; blocks.18.ln1_post.hook_normalized:-0.0043; blocks.7.ln1_post.hook_normalized:0.0026; blocks.2.ln1_post.hook_normalized:-0.0023; blocks.12.ln1_post.hook_normalized:-0.0015; blocks.11.ln1_post.hook_normalized:0.0015; blocks.6.ln2_post.hook_normalized:0.0008; blocks.5.ln1_post.hook_normalized:0.0004; blocks.12.ln2_post.hook_normalized:-0.0003
gemma2,7988,-3,Component Similarities,All,,,blocks.20.hook_resid_post:0.1719; blocks.3.ln2_post.hook_normalized:-0.0757; blocks.4.ln1_post.hook_normalized:0.0718; blocks.18.ln2_post.hook_normalized:0.0649; blocks.0.ln1_post.hook_normalized:0.0593; blocks.15.ln2_post.hook_normalized:0.0586; blocks.10.ln2_post.hook_normalized:-0.0520; blocks.20.ln2_post.hook_normalized:0.0491; blocks.20.ln1_post.hook_normalized:0.0449; blocks.5.ln2_post.hook_normalized:0.0437; blocks.17.ln1_post.hook_normalized:0.0347; blocks.0.hook_resid_post:0.0339; blocks.19.ln1_post.hook_normalized:0.0339; blocks.16.ln2_post.hook_normalized:0.0332; blocks.1.ln1_post.hook_normalized:0.0317; blocks.3.ln1_post.hook_normalized:0.0292; blocks.19.ln2_post.hook_normalized:0.0283; blocks.14.ln2_post.hook_normalized:0.0264; blocks.8.ln1_post.hook_normalized:-0.0256; blocks.14.ln1_post.hook_normalized:-0.0254; blocks.16.ln1_post.hook_normalized:0.0240; blocks.13.ln2_post.hook_normalized:0.0227; blocks.2.ln2_post.hook_normalized:0.0210; blocks.17.ln2_post.hook_normalized:0.0184; blocks.8.ln2_post.hook_normalized:0.0168; blocks.12.ln1_post.hook_normalized:0.0161; blocks.9.ln2_post.hook_normalized:-0.0114; blocks.18.ln1_post.hook_normalized:-0.0093; blocks.6.ln1_post.hook_normalized:-0.0088; blocks.11.ln1_post.hook_normalized:0.0087; blocks.2.ln1_post.hook_normalized:-0.0085; blocks.9.ln1_post.hook_normalized:-0.0079; blocks.7.ln2_post.hook_normalized:0.0071; blocks.10.ln1_post.hook_normalized:-0.0070; blocks.6.ln2_post.hook_normalized:-0.0065; blocks.5.ln1_post.hook_normalized:-0.0064; blocks.12.ln2_post.hook_normalized:0.0033; blocks.0.ln2_post.hook_normalized:0.0032; blocks.11.ln2_post.hook_normalized:0.0023; blocks.13.ln1_post.hook_normalized:-0.0019; blocks.4.ln2_post.hook_normalized:0.0014; blocks.1.ln2_post.hook_normalized:0.0012; blocks.7.ln1_post.hook_normalized:0.0008; blocks.15.ln1_post.hook_normalized:0.0003
gemma2,1161,-1,lars,negative,0.7564318882642729,,blocks.6.ln1_post.hook_normalized:6.8248; blocks.20.ln2_post.hook_normalized:6.6264; blocks.0.ln1_post.hook_normalized:3.6260; blocks.18.ln2_post.hook_normalized:3.8811; blocks.8.ln2_post.hook_normalized:2.6304; blocks.17.ln1_post.hook_normalized:1.1754; blocks.19.ln2_post.hook_normalized:0.2173; blocks.6.ln2_post.hook_normalized:0.0000; blocks.17.ln2_post.hook_normalized:0.0000; blocks.11.ln2_post.hook_normalized:0.0000; blocks.13.ln1_post.hook_normalized:0.0000; blocks.14.ln2_post.hook_normalized:0.0000; blocks.11.ln1_post.hook_normalized:0.0000; blocks.3.ln2_post.hook_normalized:0.0000; blocks.12.ln2_post.hook_normalized:0.0000; blocks.7.ln1_post.hook_normalized:0.0000; blocks.16.ln1_post.hook_normalized:0.0000; blocks.13.ln2_post.hook_normalized:0.0000; blocks.10.ln2_post.hook_normalized:0.0000; blocks.15.ln2_post.hook_normalized:0.0000; blocks.0.hook_resid_post:0.0000; blocks.20.ln1_post.hook_normalized:0.0000; blocks.9.ln2_post.hook_normalized:0.0000; blocks.16.ln2_post.hook_normalized:0.0000; blocks.19.ln1_post.hook_normalized:0.0000; blocks.7.ln2_post.hook_normalized:0.0000; blocks.5.ln2_post.hook_normalized:0.0000; blocks.15.ln1_post.hook_normalized:0.0000; blocks.12.ln1_post.hook_normalized:0.0000; blocks.5.ln1_post.hook_normalized:0.0000; blocks.1.ln1_post.hook_normalized:0.0000; blocks.4.ln1_post.hook_normalized:0.0000; blocks.8.ln1_post.hook_normalized:0.0000; blocks.3.ln1_post.hook_normalized:0.0000; blocks.18.ln1_post.hook_normalized:0.0000; blocks.14.ln1_post.hook_normalized:0.0000; blocks.2.ln2_post.hook_normalized:0.0000; blocks.1.ln2_post.hook_normalized:0.0000; blocks.9.ln1_post.hook_normalized:0.0000; blocks.4.ln2_post.hook_normalized:0.0000; blocks.10.ln1_post.hook_normalized:0.0000; blocks.0.ln2_post.hook_normalized:0.0000; blocks.2.ln1_post.hook_normalized:0.0000
gemma2,1161,-1,lars,positive,0.46172184256585325,,blocks.6.ln1_post.hook_normalized:6.5269; blocks.20.ln2_post.hook_normalized:7.4601; blocks.18.ln2_post.hook_normalized:3.6744; blocks.0.hook_resid_post:-0.3367; blocks.0.ln1_post.hook_normalized:1.6653; blocks.15.ln2_post.hook_normalized:2.4666; blocks.11.ln2_post.hook_normalized:0.0271; blocks.13.ln2_post.hook_normalized:0.0000; blocks.16.ln1_post.hook_normalized:0.0000; blocks.19.ln2_post.hook_normalized:0.0000; blocks.13.ln1_post.hook_normalized:0.0000; blocks.17.ln1_post.hook_normalized:0.0000; blocks.7.ln1_post.hook_normalized:0.0000; blocks.8.ln2_post.hook_normalized:0.0000; blocks.5.ln1_post.hook_normalized:0.0000; blocks.6.ln2_post.hook_normalized:0.0000; blocks.9.ln1_post.hook_normalized:0.0000; blocks.3.ln2_post.hook_normalized:0.0000; blocks.4.ln2_post.hook_normalized:0.0000; blocks.10.ln1_post.hook_normalized:0.0000; blocks.14.ln2_post.hook_normalized:0.0000; blocks.12.ln2_post.hook_normalized:0.0000; blocks.3.ln1_post.hook_normalized:0.0000; blocks.11.ln1_post.hook_normalized:0.0000; blocks.20.ln1_post.hook_normalized:0.0000; blocks.7.ln2_post.hook_normalized:0.0000; blocks.1.ln2_post.hook_normalized:0.0000; blocks.4.ln1_post.hook_normalized:0.0000; blocks.10.ln2_post.hook_normalized:0.0000; blocks.16.ln2_post.hook_normalized:0.0000; blocks.14.ln1_post.hook_normalized:0.0000; blocks.17.ln2_post.hook_normalized:0.0000; blocks.19.ln1_post.hook_normalized:0.0000; blocks.15.ln1_post.hook_normalized:0.0000; blocks.12.ln1_post.hook_normalized:0.0000; blocks.5.ln2_post.hook_normalized:0.0000; blocks.18.ln1_post.hook_normalized:0.0000; blocks.0.ln2_post.hook_normalized:0.0000; blocks.9.ln2_post.hook_normalized:0.0000; blocks.2.ln2_post.hook_normalized:0.0000; blocks.8.ln1_post.hook_normalized:0.0000; blocks.2.ln1_post.hook_normalized:0.0000; blocks.1.ln1_post.hook_normalized:0.0000
gemma2,1161,-2,lars,negative,0.3894399245764314,,blocks.6.ln1_post.hook_normalized:4.7641; blocks.20.ln2_post.hook_normalized:8.6960; blocks.3.ln2_post.hook_normalized:1.9926; blocks.17.ln1_post.hook_normalized:3.4177; blocks.18.ln2_post.hook_normalized:1.1514; blocks.19.ln2_post.hook_normalized:0.3023; blocks.8.ln2_post.hook_normalized:0.0943; blocks.0.ln1_post.hook_normalized:0.0000; blocks.13.ln1_post.hook_normalized:0.0000; blocks.17.ln2_post.hook_normalized:0.0000; blocks.11.ln2_post.hook_normalized:0.0000; blocks.20.ln1_post.hook_normalized:0.0000; blocks.6.ln2_post.hook_normalized:0.0000; blocks.15.ln1_post.hook_normalized:0.0000; blocks.15.ln2_post.hook_normalized:0.0000; blocks.0.hook_resid_post:0.0000; blocks.14.ln2_post.hook_normalized:0.0000; blocks.16.ln2_post.hook_normalized:0.0000; blocks.12.ln2_post.hook_normalized:0.0000; blocks.13.ln2_post.hook_normalized:0.0000; blocks.1.ln1_post.hook_normalized:0.0000; blocks.10.ln2_post.hook_normalized:0.0000; blocks.11.ln1_post.hook_normalized:0.0000; blocks.7.ln2_post.hook_normalized:0.0000; blocks.5.ln2_post.hook_normalized:0.0000; blocks.16.ln1_post.hook_normalized:0.0000; blocks.7.ln1_post.hook_normalized:0.0000; blocks.9.ln2_post.hook_normalized:0.0000; blocks.19.ln1_post.hook_normalized:0.0000; blocks.2.ln2_post.hook_normalized:0.0000; blocks.5.ln1_post.hook_normalized:0.0000; blocks.10.ln1_post.hook_normalized:0.0000; blocks.4.ln1_post.hook_normalized:0.0000; blocks.4.ln2_post.hook_normalized:0.0000; blocks.14.ln1_post.hook_normalized:0.0000; blocks.2.ln1_post.hook_normalized:0.0000; blocks.3.ln1_post.hook_normalized:0.0000; blocks.9.ln1_post.hook_normalized:0.0000; blocks.8.ln1_post.hook_normalized:0.0000; blocks.1.ln2_post.hook_normalized:0.0000; blocks.0.ln2_post.hook_normalized:0.0000; blocks.18.ln1_post.hook_normalized:0.0000; blocks.12.ln1_post.hook_normalized:0.0000
gemma2,1161,-2,lars,positive,-0.22148451668460756,,blocks.6.ln1_post.hook_normalized:4.3994; blocks.20.ln2_post.hook_normalized:11.1375; blocks.3.ln2_post.hook_normalized:2.9345; blocks.0.hook_resid_post:1.1361; blocks.0.ln1_post.hook_normalized:2.7058; blocks.8.ln2_post.hook_normalized:0.2513; blocks.18.ln2_post.hook_normalized:0.2032; blocks.15.ln2_post.hook_normalized:0.0000; blocks.19.ln2_post.hook_normalized:0.0000; blocks.17.ln1_post.hook_normalized:0.0000; blocks.2.ln1_post.hook_normalized:0.0000; blocks.9.ln2_post.hook_normalized:0.0000; blocks.14.ln2_post.hook_normalized:0.0000; blocks.13.ln1_post.hook_normalized:0.0000; blocks.15.ln1_post.hook_normalized:0.0000; blocks.7.ln1_post.hook_normalized:0.0000; blocks.13.ln2_post.hook_normalized:0.0000; blocks.19.ln1_post.hook_normalized:0.0000; blocks.16.ln1_post.hook_normalized:0.0000; blocks.5.ln1_post.hook_normalized:0.0000; blocks.1.ln1_post.hook_normalized:0.0000; blocks.6.ln2_post.hook_normalized:0.0000; blocks.4.ln1_post.hook_normalized:0.0000; blocks.12.ln2_post.hook_normalized:0.0000; blocks.20.ln1_post.hook_normalized:0.0000; blocks.10.ln2_post.hook_normalized:0.0000; blocks.17.ln2_post.hook_normalized:0.0000; blocks.2.ln2_post.hook_normalized:0.0000; blocks.11.ln1_post.hook_normalized:0.0000; blocks.7.ln2_post.hook_normalized:0.0000; blocks.1.ln2_post.hook_normalized:0.0000; blocks.5.ln2_post.hook_normalized:0.0000; blocks.8.ln1_post.hook_normalized:0.0000; blocks.18.ln1_post.hook_normalized:0.0000; blocks.0.ln2_post.hook_normalized:0.0000; blocks.4.ln2_post.hook_normalized:0.0000; blocks.11.ln2_post.hook_normalized:0.0000; blocks.10.ln1_post.hook_normalized:0.0000; blocks.12.ln1_post.hook_normalized:0.0000; blocks.14.ln1_post.hook_normalized:0.0000; blocks.3.ln1_post.hook_normalized:0.0000; blocks.9.ln1_post.hook_normalized:0.0000; blocks.16.ln2_post.hook_normalized:0.0000
gemma2,1161,-3,lars,negative,0.6635706058607906,,blocks.6.ln1_post.hook_normalized:5.7623; blocks.20.ln2_post.hook_normalized:8.0913; blocks.0.hook_resid_post:0.4963; blocks.18.ln2_post.hook_normalized:5.3965; blocks.17.ln1_post.hook_normalized:3.4633; blocks.0.ln1_post.hook_normalized:0.7091; blocks.3.ln2_post.hook_normalized:0.4862; blocks.6.ln2_post.hook_normalized:0.0000; blocks.19.ln2_post.hook_normalized:0.0000; blocks.17.ln2_post.hook_normalized:0.0000; blocks.14.ln2_post.hook_normalized:0.0000; blocks.20.ln1_post.hook_normalized:0.0000; blocks.15.ln1_post.hook_normalized:0.0000; blocks.10.ln2_post.hook_normalized:0.0000; blocks.13.ln1_post.hook_normalized:0.0000; blocks.8.ln2_post.hook_normalized:0.0000; blocks.15.ln2_post.hook_normalized:0.0000; blocks.5.ln2_post.hook_normalized:0.0000; blocks.1.ln1_post.hook_normalized:0.0000; blocks.9.ln2_post.hook_normalized:0.0000; blocks.11.ln2_post.hook_normalized:0.0000; blocks.7.ln2_post.hook_normalized:0.0000; blocks.16.ln1_post.hook_normalized:0.0000; blocks.16.ln2_post.hook_normalized:0.0000; blocks.7.ln1_post.hook_normalized:0.0000; blocks.19.ln1_post.hook_normalized:0.0000; blocks.11.ln1_post.hook_normalized:0.0000; blocks.13.ln2_post.hook_normalized:0.0000; blocks.12.ln2_post.hook_normalized:0.0000; blocks.10.ln1_post.hook_normalized:0.0000; blocks.12.ln1_post.hook_normalized:0.0000; blocks.4.ln2_post.hook_normalized:0.0000; blocks.4.ln1_post.hook_normalized:0.0000; blocks.2.ln2_post.hook_normalized:0.0000; blocks.5.ln1_post.hook_normalized:0.0000; blocks.0.ln2_post.hook_normalized:0.0000; blocks.14.ln1_post.hook_normalized:0.0000; blocks.2.ln1_post.hook_normalized:0.0000; blocks.18.ln1_post.hook_normalized:0.0000; blocks.1.ln2_post.hook_normalized:0.0000; blocks.8.ln1_post.hook_normalized:0.0000; blocks.9.ln1_post.hook_normalized:0.0000; blocks.3.ln1_post.hook_normalized:0.0000
gemma2,1161,-3,lars,positive,0.6920838744767996,,blocks.6.ln1_post.hook_normalized:3.8621; blocks.20.ln2_post.hook_normalized:10.1503; blocks.0.hook_resid_post:1.9120; blocks.3.ln2_post.hook_normalized:2.4352; blocks.18.ln2_post.hook_normalized:5.0700; blocks.11.ln2_post.hook_normalized:1.5812; blocks.0.ln1_post.hook_normalized:1.1865; blocks.6.ln2_post.hook_normalized:0.0000; blocks.17.ln1_post.hook_normalized:0.0000; blocks.19.ln1_post.hook_normalized:0.0000; blocks.19.ln2_post.hook_normalized:0.0000; blocks.14.ln2_post.hook_normalized:0.0000; blocks.8.ln2_post.hook_normalized:0.0000; blocks.7.ln2_post.hook_normalized:0.0000; blocks.15.ln1_post.hook_normalized:0.0000; blocks.5.ln2_post.hook_normalized:0.0000; blocks.10.ln1_post.hook_normalized:0.0000; blocks.16.ln2_post.hook_normalized:0.0000; blocks.20.ln1_post.hook_normalized:0.0000; blocks.1.ln2_post.hook_normalized:0.0000; blocks.10.ln2_post.hook_normalized:0.0000; blocks.13.ln1_post.hook_normalized:0.0000; blocks.7.ln1_post.hook_normalized:0.0000; blocks.5.ln1_post.hook_normalized:0.0000; blocks.1.ln1_post.hook_normalized:0.0000; blocks.12.ln2_post.hook_normalized:0.0000; blocks.0.ln2_post.hook_normalized:0.0000; blocks.14.ln1_post.hook_normalized:0.0000; blocks.15.ln2_post.hook_normalized:0.0000; blocks.4.ln2_post.hook_normalized:0.0000; blocks.18.ln1_post.hook_normalized:0.0000; blocks.13.ln2_post.hook_normalized:0.0000; blocks.11.ln1_post.hook_normalized:0.0000; blocks.17.ln2_post.hook_normalized:0.0000; blocks.3.ln1_post.hook_normalized:0.0000; blocks.2.ln1_post.hook_normalized:0.0000; blocks.9.ln2_post.hook_normalized:0.0000; blocks.12.ln1_post.hook_normalized:0.0000; blocks.4.ln1_post.hook_normalized:0.0000; blocks.8.ln1_post.hook_normalized:0.0000; blocks.16.ln1_post.hook_normalized:0.0000; blocks.2.ln2_post.hook_normalized:0.0000; blocks.9.ln1_post.hook_normalized:0.0000
gemma2,1161,-1,diff,pos-vs-neg,,,blocks.20.hook_resid_post:-2.3056; blocks.0.hook_resid_post:1.0311; blocks.13.ln2_post.hook_normalized:-0.7343; blocks.20.ln2_post.hook_normalized:-0.7185; blocks.16.ln1_post.hook_normalized:0.6037; blocks.0.ln2_post.hook_normalized:-0.5545; blocks.14.ln2_post.hook_normalized:-0.5076; blocks.11.ln1_post.hook_normalized:0.5017; blocks.7.ln1_post.hook_normalized:0.4513; blocks.1.ln1_post.hook_normalized:0.4206; blocks.16.ln2_post.hook_normalized:-0.3728; blocks.1.ln2_post.hook_normalized:-0.3600; blocks.4.ln2_post.hook_normalized:-0.3323; blocks.4.ln1_post.hook_normalized:0.3205; blocks.0.ln1_post.hook_normalized:-0.3142; blocks.11.ln2_post.hook_normalized:-0.2986; blocks.19.ln2_post.hook_normalized:0.2951; blocks.10.ln2_post.hook_normalized:-0.2936; blocks.5.ln2_post.hook_normalized:0.2845; blocks.8.ln2_post.hook_normalized:0.2743; blocks.6.ln2_post.hook_normalized:-0.2728; blocks.9.ln2_post.hook_normalized:-0.2576; blocks.13.ln1_post.hook_normalized:0.2453; blocks.17.ln1_post.hook_normalized:-0.2451; blocks.10.ln1_post.hook_normalized:-0.2341; blocks.8.ln1_post.hook_normalized:-0.2186; blocks.3.ln1_post.hook_normalized:0.1923; blocks.12.ln1_post.hook_normalized:0.1723; blocks.9.ln1_post.hook_normalized:-0.1434; blocks.6.ln1_post.hook_normalized:0.1239; blocks.19.ln1_post.hook_normalized:-0.1166; blocks.15.ln1_post.hook_normalized:-0.0971; blocks.17.ln2_post.hook_normalized:-0.0924; blocks.3.ln2_post.hook_normalized:-0.0812; blocks.14.ln1_post.hook_normalized:-0.0701; blocks.20.ln1_post.hook_normalized:-0.0601; blocks.18.ln2_post.hook_normalized:0.0596; blocks.2.ln2_post.hook_normalized:0.0565; blocks.15.ln2_post.hook_normalized:-0.0509; blocks.7.ln2_post.hook_normalized:0.0498; blocks.5.ln1_post.hook_normalized:-0.0355; blocks.18.ln1_post.hook_normalized:0.0218; blocks.2.ln1_post.hook_normalized:0.0156; blocks.12.ln2_post.hook_normalized:0.0027
gemma2,1161,-2,diff,pos-vs-neg,,,blocks.20.hook_resid_post:7.6913; blocks.9.ln1_post.hook_normalized:-0.5289; blocks.11.ln2_post.hook_normalized:0.4798; blocks.4.ln1_post.hook_normalized:0.4211; blocks.8.ln2_post.hook_normalized:0.3818; blocks.6.ln1_post.hook_normalized:0.3698; blocks.18.ln1_post.hook_normalized:-0.3554; blocks.2.ln2_post.hook_normalized:0.3178; blocks.7.ln2_post.hook_normalized:0.2994; blocks.13.ln2_post.hook_normalized:-0.2860; blocks.10.ln1_post.hook_normalized:-0.2856; blocks.19.ln1_post.hook_normalized:-0.2734; blocks.5.ln2_post.hook_normalized:0.2640; blocks.6.ln2_post.hook_normalized:0.2541; blocks.20.ln2_post.hook_normalized:0.2294; blocks.14.ln1_post.hook_normalized:-0.2214; blocks.4.ln2_post.hook_normalized:0.2097; blocks.8.ln1_post.hook_normalized:-0.2095; blocks.19.ln2_post.hook_normalized:0.2093; blocks.0.ln1_post.hook_normalized:0.2053; blocks.15.ln1_post.hook_normalized:-0.1981; blocks.0.hook_resid_post:-0.1971; blocks.15.ln2_post.hook_normalized:0.1954; blocks.12.ln2_post.hook_normalized:0.1912; blocks.16.ln1_post.hook_normalized:0.1778; blocks.17.ln2_post.hook_normalized:0.1651; blocks.10.ln2_post.hook_normalized:0.1479; blocks.11.ln1_post.hook_normalized:-0.1372; blocks.0.ln2_post.hook_normalized:0.1341; blocks.1.ln1_post.hook_normalized:-0.1286; blocks.9.ln2_post.hook_normalized:0.1271; blocks.2.ln1_post.hook_normalized:-0.1171; blocks.16.ln2_post.hook_normalized:-0.1150; blocks.17.ln1_post.hook_normalized:0.1130; blocks.3.ln2_post.hook_normalized:-0.1031; blocks.18.ln2_post.hook_normalized:0.0752; blocks.14.ln2_post.hook_normalized:0.0727; blocks.5.ln1_post.hook_normalized:-0.0714; blocks.20.ln1_post.hook_normalized:0.0572; blocks.7.ln1_post.hook_normalized:-0.0479; blocks.3.ln1_post.hook_normalized:-0.0413; blocks.13.ln1_post.hook_normalized:-0.0383; blocks.12.ln1_post.hook_normalized:-0.0365; blocks.1.ln2_post.hook_normalized:-0.0309
gemma2,1161,-3,diff,pos-vs-neg,,,blocks.20.hook_resid_post:10.2403; blocks.0.ln1_post.hook_normalized:0.6870; blocks.8.ln2_post.hook_normalized:0.6132; blocks.0.hook_resid_post:-0.5985; blocks.9.ln1_post.hook_normalized:-0.4751; blocks.4.ln1_post.hook_normalized:0.4299; blocks.17.ln2_post.hook_normalized:0.4275; blocks.6.ln1_post.hook_normalized:0.4103; blocks.7.ln2_post.hook_normalized:0.3833; blocks.20.ln2_post.hook_normalized:0.3765; blocks.0.ln2_post.hook_normalized:0.3745; blocks.18.ln2_post.hook_normalized:0.3538; blocks.19.ln2_post.hook_normalized:0.3207; blocks.5.ln2_post.hook_normalized:0.3097; blocks.17.ln1_post.hook_normalized:0.2899; blocks.11.ln2_post.hook_normalized:0.2674; blocks.15.ln2_post.hook_normalized:0.2586; blocks.1.ln1_post.hook_normalized:0.2502; blocks.10.ln1_post.hook_normalized:-0.2480; blocks.13.ln2_post.hook_normalized:-0.2447; blocks.2.ln2_post.hook_normalized:0.2413; blocks.8.ln1_post.hook_normalized:-0.2264; blocks.2.ln1_post.hook_normalized:-0.1885; blocks.9.ln2_post.hook_normalized:0.1838; blocks.18.ln1_post.hook_normalized:-0.1823; blocks.3.ln2_post.hook_normalized:0.1631; blocks.16.ln2_post.hook_normalized:0.1309; blocks.20.ln1_post.hook_normalized:0.1300; blocks.19.ln1_post.hook_normalized:-0.1299; blocks.16.ln1_post.hook_normalized:0.1178; blocks.14.ln1_post.hook_normalized:-0.1057; blocks.14.ln2_post.hook_normalized:0.1049; blocks.15.ln1_post.hook_normalized:-0.0976; blocks.12.ln2_post.hook_normalized:-0.0926; blocks.11.ln1_post.hook_normalized:-0.0764; blocks.13.ln1_post.hook_normalized:-0.0747; blocks.7.ln1_post.hook_normalized:-0.0674; blocks.3.ln1_post.hook_normalized:-0.0599; blocks.6.ln2_post.hook_normalized:0.0552; blocks.1.ln2_post.hook_normalized:0.0410; blocks.10.ln2_post.hook_normalized:0.0377; blocks.5.ln1_post.hook_normalized:-0.0300; blocks.12.ln1_post.hook_normalized:-0.0261; blocks.4.ln2_post.hook_normalized:-0.0192
gemma2,1161,-1,Component Similarities,All,,,blocks.20.ln2_post.hook_normalized:-0.0850; blocks.0.hook_resid_post:0.0811; blocks.16.ln1_post.hook_normalized:0.0649; blocks.17.ln1_post.hook_normalized:-0.0610; blocks.13.ln2_post.hook_normalized:-0.0605; blocks.6.ln1_post.hook_normalized:-0.0454; blocks.14.ln2_post.hook_normalized:-0.0437; blocks.4.ln1_post.hook_normalized:0.0430; blocks.0.ln2_post.hook_normalized:-0.0400; blocks.4.ln2_post.hook_normalized:-0.0391; blocks.16.ln2_post.hook_normalized:-0.0376; blocks.20.hook_resid_post:-0.0376; blocks.9.ln2_post.hook_normalized:-0.0364; blocks.11.ln1_post.hook_normalized:0.0337; blocks.1.ln2_post.hook_normalized:-0.0332; blocks.5.ln2_post.hook_normalized:0.0330; blocks.7.ln1_post.hook_normalized:0.0306; blocks.10.ln1_post.hook_normalized:-0.0292; blocks.6.ln2_post.hook_normalized:-0.0291; blocks.0.ln1_post.hook_normalized:-0.0265; blocks.11.ln2_post.hook_normalized:-0.0262; blocks.1.ln1_post.hook_normalized:0.0260; blocks.8.ln1_post.hook_normalized:-0.0260; blocks.10.ln2_post.hook_normalized:-0.0259; blocks.8.ln2_post.hook_normalized:0.0255; blocks.13.ln1_post.hook_normalized:0.0236; blocks.3.ln1_post.hook_normalized:0.0199; blocks.12.ln1_post.hook_normalized:0.0156; blocks.15.ln1_post.hook_normalized:-0.0130; blocks.18.ln1_post.hook_normalized:0.0122; blocks.19.ln2_post.hook_normalized:0.0118; blocks.17.ln2_post.hook_normalized:-0.0109; blocks.2.ln2_post.hook_normalized:0.0106; blocks.14.ln1_post.hook_normalized:-0.0106; blocks.9.ln1_post.hook_normalized:-0.0100; blocks.3.ln2_post.hook_normalized:-0.0090; blocks.18.ln2_post.hook_normalized:0.0074; blocks.19.ln1_post.hook_normalized:-0.0068; blocks.15.ln2_post.hook_normalized:-0.0053; blocks.7.ln2_post.hook_normalized:0.0046; blocks.5.ln1_post.hook_normalized:-0.0032; blocks.2.ln1_post.hook_normalized:0.0011; blocks.12.ln2_post.hook_normalized:0.0009; blocks.20.ln1_post.hook_normalized:-0.0003
gemma2,1161,-2,Component Similarities,All,,,blocks.20.hook_resid_post:0.1123; blocks.4.ln1_post.hook_normalized:0.0557; blocks.2.ln2_post.hook_normalized:0.0532; blocks.18.ln1_post.hook_normalized:-0.0476; blocks.11.ln2_post.hook_normalized:0.0447; blocks.8.ln2_post.hook_normalized:0.0444; blocks.9.ln1_post.hook_normalized:-0.0391; blocks.14.ln1_post.hook_normalized:-0.0361; blocks.19.ln1_post.hook_normalized:-0.0349; blocks.7.ln2_post.hook_normalized:0.0347; blocks.5.ln2_post.hook_normalized:0.0342; blocks.15.ln1_post.hook_normalized:-0.0330; blocks.2.ln1_post.hook_normalized:-0.0325; blocks.15.ln2_post.hook_normalized:0.0322; blocks.8.ln1_post.hook_normalized:-0.0315; blocks.4.ln2_post.hook_normalized:0.0308; blocks.6.ln2_post.hook_normalized:0.0308; blocks.13.ln2_post.hook_normalized:-0.0302; blocks.10.ln1_post.hook_normalized:-0.0292; blocks.20.ln1_post.hook_normalized:0.0237; blocks.3.ln2_post.hook_normalized:-0.0215; blocks.17.ln2_post.hook_normalized:0.0208; blocks.0.ln1_post.hook_normalized:0.0201; blocks.0.hook_resid_post:-0.0190; blocks.20.ln2_post.hook_normalized:0.0187; blocks.18.ln2_post.hook_normalized:0.0181; blocks.12.ln2_post.hook_normalized:0.0172; blocks.10.ln2_post.hook_normalized:0.0166; blocks.16.ln1_post.hook_normalized:0.0151; blocks.0.ln2_post.hook_normalized:0.0146; blocks.16.ln2_post.hook_normalized:-0.0127; blocks.1.ln1_post.hook_normalized:-0.0104; blocks.3.ln1_post.hook_normalized:-0.0103; blocks.11.ln1_post.hook_normalized:-0.0093; blocks.19.ln2_post.hook_normalized:0.0081; blocks.1.ln2_post.hook_normalized:0.0078; blocks.13.ln1_post.hook_normalized:-0.0078; blocks.14.ln2_post.hook_normalized:0.0072; blocks.6.ln1_post.hook_normalized:-0.0066; blocks.17.ln1_post.hook_normalized:0.0062; blocks.9.ln2_post.hook_normalized:0.0050; blocks.5.ln1_post.hook_normalized:-0.0048; blocks.7.ln1_post.hook_normalized:-0.0029; blocks.12.ln1_post.hook_normalized:-0.0018
gemma2,1161,-3,Component Similarities,All,,,blocks.20.hook_resid_post:0.1602; blocks.8.ln2_post.hook_normalized:0.0674; blocks.17.ln2_post.hook_normalized:0.0640; blocks.0.ln1_post.hook_normalized:0.0630; blocks.4.ln1_post.hook_normalized:0.0593; blocks.18.ln2_post.hook_normalized:0.0571; blocks.20.ln2_post.hook_normalized:0.0508; blocks.7.ln2_post.hook_normalized:0.0493; blocks.5.ln2_post.hook_normalized:0.0435; blocks.15.ln2_post.hook_normalized:0.0435; blocks.2.ln2_post.hook_normalized:0.0415; blocks.20.ln1_post.hook_normalized:0.0405; blocks.0.hook_resid_post:-0.0403; blocks.2.ln1_post.hook_normalized:-0.0381; blocks.0.ln2_post.hook_normalized:0.0369; blocks.9.ln1_post.hook_normalized:-0.0366; blocks.8.ln1_post.hook_normalized:-0.0330; blocks.17.ln1_post.hook_normalized:0.0330; blocks.11.ln2_post.hook_normalized:0.0304; blocks.18.ln1_post.hook_normalized:-0.0282; blocks.10.ln1_post.hook_normalized:-0.0264; blocks.13.ln2_post.hook_normalized:-0.0259; blocks.1.ln2_post.hook_normalized:0.0254; blocks.1.ln1_post.hook_normalized:0.0193; blocks.14.ln1_post.hook_normalized:-0.0182; blocks.3.ln2_post.hook_normalized:0.0178; blocks.19.ln2_post.hook_normalized:0.0178; blocks.15.ln1_post.hook_normalized:-0.0177; blocks.3.ln1_post.hook_normalized:-0.0160; blocks.16.ln2_post.hook_normalized:0.0123; blocks.14.ln2_post.hook_normalized:0.0118; blocks.9.ln2_post.hook_normalized:0.0109; blocks.6.ln1_post.hook_normalized:0.0089; blocks.6.ln2_post.hook_normalized:0.0089; blocks.12.ln2_post.hook_normalized:-0.0082; blocks.16.ln1_post.hook_normalized:0.0082; blocks.13.ln1_post.hook_normalized:-0.0081; blocks.11.ln1_post.hook_normalized:-0.0058; blocks.12.ln1_post.hook_normalized:-0.0055; blocks.10.ln2_post.hook_normalized:0.0048; blocks.7.ln1_post.hook_normalized:-0.0042; blocks.19.ln1_post.hook_normalized:-0.0031; blocks.4.ln2_post.hook_normalized:-0.0023; blocks.5.ln1_post.hook_normalized:-0.0017
gemma2,8015,-1,lars,negative,0.46135863269292865,,blocks.20.ln2_post.hook_normalized:7.6722; blocks.3.ln2_post.hook_normalized:5.3077; blocks.17.ln1_post.hook_normalized:2.8347; blocks.0.ln1_post.hook_normalized:1.9594; blocks.6.ln1_post.hook_normalized:1.0359; blocks.15.ln2_post.hook_normalized:0.0245; blocks.18.ln2_post.hook_normalized:0.0080; blocks.14.ln2_post.hook_normalized:0.0000; blocks.8.ln2_post.hook_normalized:0.0000; blocks.9.ln2_post.hook_normalized:0.0000; blocks.11.ln2_post.hook_normalized:0.0000; blocks.16.ln2_post.hook_normalized:0.0000; blocks.19.ln2_post.hook_normalized:0.0000; blocks.0.hook_resid_post:0.0000; blocks.13.ln1_post.hook_normalized:0.0000; blocks.7.ln1_post.hook_normalized:0.0000; blocks.17.ln2_post.hook_normalized:0.0000; blocks.11.ln1_post.hook_normalized:0.0000; blocks.6.ln2_post.hook_normalized:0.0000; blocks.3.ln1_post.hook_normalized:0.0000; blocks.12.ln2_post.hook_normalized:0.0000; blocks.7.ln2_post.hook_normalized:0.0000; blocks.13.ln2_post.hook_normalized:0.0000; blocks.10.ln2_post.hook_normalized:0.0000; blocks.20.ln1_post.hook_normalized:0.0000; blocks.19.ln1_post.hook_normalized:0.0000; blocks.15.ln1_post.hook_normalized:0.0000; blocks.5.ln2_post.hook_normalized:0.0000; blocks.4.ln1_post.hook_normalized:0.0000; blocks.5.ln1_post.hook_normalized:0.0000; blocks.10.ln1_post.hook_normalized:0.0000; blocks.1.ln1_post.hook_normalized:0.0000; blocks.9.ln1_post.hook_normalized:0.0000; blocks.16.ln1_post.hook_normalized:0.0000; blocks.12.ln1_post.hook_normalized:0.0000; blocks.8.ln1_post.hook_normalized:0.0000; blocks.2.ln2_post.hook_normalized:0.0000; blocks.14.ln1_post.hook_normalized:0.0000; blocks.18.ln1_post.hook_normalized:0.0000; blocks.1.ln2_post.hook_normalized:0.0000; blocks.4.ln2_post.hook_normalized:0.0000; blocks.0.ln2_post.hook_normalized:0.0000; blocks.2.ln1_post.hook_normalized:0.0000
gemma2,8015,-1,lars,positive,0.5353885440304793,,blocks.0.hook_resid_post:-2.0209; blocks.20.ln2_post.hook_normalized:10.3306; blocks.3.ln2_post.hook_normalized:4.9614; blocks.9.ln2_post.hook_normalized:7.9461; blocks.19.ln2_post.hook_normalized:1.4174; blocks.17.ln2_post.hook_normalized:0.1356; blocks.16.ln2_post.hook_normalized:0.2656; blocks.6.ln1_post.hook_normalized:0.0000; blocks.4.ln2_post.hook_normalized:0.0000; blocks.7.ln1_post.hook_normalized:0.0000; blocks.1.ln2_post.hook_normalized:0.0000; blocks.5.ln1_post.hook_normalized:0.0000; blocks.0.ln1_post.hook_normalized:0.0000; blocks.15.ln1_post.hook_normalized:0.0000; blocks.1.ln1_post.hook_normalized:0.0000; blocks.10.ln2_post.hook_normalized:0.0000; blocks.2.ln2_post.hook_normalized:0.0000; blocks.5.ln2_post.hook_normalized:0.0000; blocks.10.ln1_post.hook_normalized:0.0000; blocks.12.ln2_post.hook_normalized:0.0000; blocks.18.ln1_post.hook_normalized:0.0000; blocks.18.ln2_post.hook_normalized:0.0000; blocks.14.ln2_post.hook_normalized:0.0000; blocks.17.ln1_post.hook_normalized:0.0000; blocks.13.ln1_post.hook_normalized:0.0000; blocks.7.ln2_post.hook_normalized:0.0000; blocks.8.ln1_post.hook_normalized:0.0000; blocks.15.ln2_post.hook_normalized:0.0000; blocks.6.ln2_post.hook_normalized:0.0000; blocks.11.ln2_post.hook_normalized:0.0000; blocks.13.ln2_post.hook_normalized:0.0000; blocks.9.ln1_post.hook_normalized:0.0000; blocks.2.ln1_post.hook_normalized:0.0000; blocks.3.ln1_post.hook_normalized:0.0000; blocks.11.ln1_post.hook_normalized:0.0000; blocks.0.ln2_post.hook_normalized:0.0000; blocks.16.ln1_post.hook_normalized:0.0000; blocks.12.ln1_post.hook_normalized:0.0000; blocks.4.ln1_post.hook_normalized:0.0000; blocks.20.ln1_post.hook_normalized:0.0000; blocks.14.ln1_post.hook_normalized:0.0000; blocks.19.ln1_post.hook_normalized:0.0000; blocks.8.ln2_post.hook_normalized:0.0000
gemma2,8015,-2,lars,negative,0.4210103203412383,,blocks.20.ln2_post.hook_normalized:9.7053; blocks.3.ln2_post.hook_normalized:2.2409; blocks.0.hook_resid_post:0.9064; blocks.17.ln1_post.hook_normalized:5.7429; blocks.13.ln1_post.hook_normalized:2.3901; blocks.6.ln1_post.hook_normalized:0.9347; blocks.18.ln2_post.hook_normalized:0.6927; blocks.19.ln2_post.hook_normalized:0.0000; blocks.14.ln2_post.hook_normalized:0.0000; blocks.6.ln2_post.hook_normalized:0.0000; blocks.8.ln2_post.hook_normalized:0.0000; blocks.16.ln2_post.hook_normalized:0.0000; blocks.11.ln2_post.hook_normalized:0.0000; blocks.15.ln2_post.hook_normalized:0.0000; blocks.9.ln2_post.hook_normalized:0.0000; blocks.15.ln1_post.hook_normalized:0.0000; blocks.17.ln2_post.hook_normalized:0.0000; blocks.7.ln2_post.hook_normalized:0.0000; blocks.13.ln2_post.hook_normalized:0.0000; blocks.12.ln2_post.hook_normalized:0.0000; blocks.5.ln2_post.hook_normalized:0.0000; blocks.3.ln1_post.hook_normalized:0.0000; blocks.10.ln2_post.hook_normalized:0.0000; blocks.20.ln1_post.hook_normalized:0.0000; blocks.0.ln1_post.hook_normalized:0.0000; blocks.10.ln1_post.hook_normalized:0.0000; blocks.11.ln1_post.hook_normalized:0.0000; blocks.1.ln1_post.hook_normalized:0.0000; blocks.19.ln1_post.hook_normalized:0.0000; blocks.5.ln1_post.hook_normalized:0.0000; blocks.7.ln1_post.hook_normalized:0.0000; blocks.4.ln1_post.hook_normalized:0.0000; blocks.1.ln2_post.hook_normalized:0.0000; blocks.4.ln2_post.hook_normalized:0.0000; blocks.2.ln1_post.hook_normalized:0.0000; blocks.2.ln2_post.hook_normalized:0.0000; blocks.14.ln1_post.hook_normalized:0.0000; blocks.18.ln1_post.hook_normalized:0.0000; blocks.0.ln2_post.hook_normalized:0.0000; blocks.8.ln1_post.hook_normalized:0.0000; blocks.16.ln1_post.hook_normalized:0.0000; blocks.9.ln1_post.hook_normalized:0.0000; blocks.12.ln1_post.hook_normalized:0.0000
gemma2,8015,-2,lars,positive,0.1978591957810233,,blocks.20.ln2_post.hook_normalized:8.9977; blocks.3.ln2_post.hook_normalized:4.7002; blocks.17.ln1_post.hook_normalized:5.3736; blocks.19.ln2_post.hook_normalized:3.4344; blocks.6.ln2_post.hook_normalized:0.5353; blocks.0.hook_resid_post:0.0853; blocks.18.ln2_post.hook_normalized:0.0663; blocks.13.ln1_post.hook_normalized:0.0000; blocks.6.ln1_post.hook_normalized:0.0000; blocks.12.ln2_post.hook_normalized:0.0000; blocks.13.ln2_post.hook_normalized:0.0000; blocks.4.ln2_post.hook_normalized:0.0000; blocks.8.ln2_post.hook_normalized:0.0000; blocks.14.ln2_post.hook_normalized:0.0000; blocks.15.ln1_post.hook_normalized:0.0000; blocks.7.ln1_post.hook_normalized:0.0000; blocks.17.ln2_post.hook_normalized:0.0000; blocks.19.ln1_post.hook_normalized:0.0000; blocks.10.ln1_post.hook_normalized:0.0000; blocks.3.ln1_post.hook_normalized:0.0000; blocks.5.ln2_post.hook_normalized:0.0000; blocks.0.ln1_post.hook_normalized:0.0000; blocks.1.ln1_post.hook_normalized:0.0000; blocks.4.ln1_post.hook_normalized:0.0000; blocks.2.ln2_post.hook_normalized:0.0000; blocks.9.ln2_post.hook_normalized:0.0000; blocks.2.ln1_post.hook_normalized:0.0000; blocks.0.ln2_post.hook_normalized:0.0000; blocks.12.ln1_post.hook_normalized:0.0000; blocks.18.ln1_post.hook_normalized:0.0000; blocks.7.ln2_post.hook_normalized:0.0000; blocks.14.ln1_post.hook_normalized:0.0000; blocks.11.ln2_post.hook_normalized:0.0000; blocks.11.ln1_post.hook_normalized:0.0000; blocks.10.ln2_post.hook_normalized:0.0000; blocks.1.ln2_post.hook_normalized:0.0000; blocks.5.ln1_post.hook_normalized:0.0000; blocks.15.ln2_post.hook_normalized:0.0000; blocks.16.ln1_post.hook_normalized:0.0000; blocks.8.ln1_post.hook_normalized:0.0000; blocks.16.ln2_post.hook_normalized:0.0000; blocks.20.ln1_post.hook_normalized:0.0000; blocks.9.ln1_post.hook_normalized:0.0000
gemma2,8015,-3,lars,negative,0.5752110071789804,,blocks.3.ln2_post.hook_normalized:2.4455; blocks.0.hook_resid_post:0.8901; blocks.20.ln2_post.hook_normalized:8.4661; blocks.17.ln1_post.hook_normalized:6.6904; blocks.18.ln2_post.hook_normalized:4.0256; blocks.13.ln1_post.hook_normalized:2.8093; blocks.16.ln2_post.hook_normalized:1.0475; blocks.14.ln2_post.hook_normalized:0.0000; blocks.19.ln2_post.hook_normalized:0.0000; blocks.6.ln1_post.hook_normalized:0.0000; blocks.11.ln2_post.hook_normalized:0.0000; blocks.9.ln2_post.hook_normalized:0.0000; blocks.5.ln2_post.hook_normalized:0.0000; blocks.6.ln2_post.hook_normalized:0.0000; blocks.15.ln2_post.hook_normalized:0.0000; blocks.15.ln1_post.hook_normalized:0.0000; blocks.13.ln2_post.hook_normalized:0.0000; blocks.10.ln1_post.hook_normalized:0.0000; blocks.17.ln2_post.hook_normalized:0.0000; blocks.10.ln2_post.hook_normalized:0.0000; blocks.7.ln1_post.hook_normalized:0.0000; blocks.3.ln1_post.hook_normalized:0.0000; blocks.8.ln2_post.hook_normalized:0.0000; blocks.7.ln2_post.hook_normalized:0.0000; blocks.1.ln1_post.hook_normalized:0.0000; blocks.19.ln1_post.hook_normalized:0.0000; blocks.5.ln1_post.hook_normalized:0.0000; blocks.0.ln1_post.hook_normalized:0.0000; blocks.12.ln2_post.hook_normalized:0.0000; blocks.20.ln1_post.hook_normalized:0.0000; blocks.11.ln1_post.hook_normalized:0.0000; blocks.12.ln1_post.hook_normalized:0.0000; blocks.9.ln1_post.hook_normalized:0.0000; blocks.14.ln1_post.hook_normalized:0.0000; blocks.4.ln1_post.hook_normalized:0.0000; blocks.1.ln2_post.hook_normalized:0.0000; blocks.4.ln2_post.hook_normalized:0.0000; blocks.2.ln1_post.hook_normalized:0.0000; blocks.8.ln1_post.hook_normalized:0.0000; blocks.2.ln2_post.hook_normalized:0.0000; blocks.0.ln2_post.hook_normalized:0.0000; blocks.16.ln1_post.hook_normalized:0.0000; blocks.18.ln1_post.hook_normalized:0.0000
gemma2,8015,-3,lars,positive,0.8127172160665224,,blocks.0.hook_resid_post:0.8544; blocks.20.ln2_post.hook_normalized:10.3283; blocks.3.ln2_post.hook_normalized:1.6657; blocks.17.ln1_post.hook_normalized:6.0492; blocks.18.ln2_post.hook_normalized:5.3277; blocks.9.ln2_post.hook_normalized:1.1150; blocks.14.ln2_post.hook_normalized:1.6372; blocks.13.ln1_post.hook_normalized:0.0000; blocks.19.ln2_post.hook_normalized:0.0000; blocks.16.ln2_post.hook_normalized:0.0000; blocks.11.ln2_post.hook_normalized:0.0000; blocks.10.ln2_post.hook_normalized:0.0000; blocks.5.ln1_post.hook_normalized:0.0000; blocks.0.ln1_post.hook_normalized:0.0000; blocks.15.ln1_post.hook_normalized:0.0000; blocks.3.ln1_post.hook_normalized:0.0000; blocks.17.ln2_post.hook_normalized:0.0000; blocks.6.ln2_post.hook_normalized:0.0000; blocks.7.ln2_post.hook_normalized:0.0000; blocks.7.ln1_post.hook_normalized:0.0000; blocks.9.ln1_post.hook_normalized:0.0000; blocks.2.ln2_post.hook_normalized:0.0000; blocks.1.ln1_post.hook_normalized:0.0000; blocks.0.ln2_post.hook_normalized:0.0000; blocks.14.ln1_post.hook_normalized:0.0000; blocks.11.ln1_post.hook_normalized:0.0000; blocks.10.ln1_post.hook_normalized:0.0000; blocks.5.ln2_post.hook_normalized:0.0000; blocks.4.ln1_post.hook_normalized:0.0000; blocks.12.ln1_post.hook_normalized:0.0000; blocks.4.ln2_post.hook_normalized:0.0000; blocks.15.ln2_post.hook_normalized:0.0000; blocks.19.ln1_post.hook_normalized:0.0000; blocks.12.ln2_post.hook_normalized:0.0000; blocks.1.ln2_post.hook_normalized:0.0000; blocks.13.ln2_post.hook_normalized:0.0000; blocks.18.ln1_post.hook_normalized:0.0000; blocks.16.ln1_post.hook_normalized:0.0000; blocks.20.ln1_post.hook_normalized:0.0000; blocks.2.ln1_post.hook_normalized:0.0000; blocks.6.ln1_post.hook_normalized:0.0000; blocks.8.ln1_post.hook_normalized:0.0000; blocks.8.ln2_post.hook_normalized:0.0000
gemma2,8015,-1,diff,pos-vs-neg,,,blocks.0.hook_resid_post:1.3628; blocks.19.ln2_post.hook_normalized:0.5189; blocks.20.ln2_post.hook_normalized:-0.5102; blocks.1.ln2_post.hook_normalized:-0.4287; blocks.9.ln1_post.hook_normalized:-0.4258; blocks.8.ln1_post.hook_normalized:-0.3840; blocks.0.ln2_post.hook_normalized:-0.3383; blocks.13.ln1_post.hook_normalized:-0.2994; blocks.4.ln1_post.hook_normalized:0.2911; blocks.8.ln2_post.hook_normalized:0.2474; blocks.4.ln2_post.hook_normalized:-0.2432; blocks.19.ln1_post.hook_normalized:-0.2432; blocks.15.ln2_post.hook_normalized:0.2321; blocks.12.ln2_post.hook_normalized:-0.2236; blocks.18.ln2_post.hook_normalized:-0.2213; blocks.15.ln1_post.hook_normalized:-0.2035; blocks.2.ln2_post.hook_normalized:0.1868; blocks.10.ln1_post.hook_normalized:-0.1838; blocks.13.ln2_post.hook_normalized:-0.1816; blocks.3.ln2_post.hook_normalized:-0.1797; blocks.1.ln1_post.hook_normalized:0.1669; blocks.18.ln1_post.hook_normalized:-0.1520; blocks.11.ln1_post.hook_normalized:0.1231; blocks.20.hook_resid_post:0.1168; blocks.14.ln2_post.hook_normalized:0.1143; blocks.14.ln1_post.hook_normalized:-0.1117; blocks.10.ln2_post.hook_normalized:-0.1103; blocks.16.ln1_post.hook_normalized:-0.1039; blocks.5.ln2_post.hook_normalized:0.0917; blocks.2.ln1_post.hook_normalized:-0.0899; blocks.7.ln2_post.hook_normalized:0.0812; blocks.12.ln1_post.hook_normalized:0.0734; blocks.9.ln2_post.hook_normalized:0.0726; blocks.3.ln1_post.hook_normalized:0.0625; blocks.7.ln1_post.hook_normalized:0.0620; blocks.6.ln1_post.hook_normalized:0.0503; blocks.16.ln2_post.hook_normalized:-0.0454; blocks.17.ln2_post.hook_normalized:0.0439; blocks.6.ln2_post.hook_normalized:0.0395; blocks.5.ln1_post.hook_normalized:-0.0336; blocks.17.ln1_post.hook_normalized:-0.0274; blocks.0.ln1_post.hook_normalized:-0.0226; blocks.20.ln1_post.hook_normalized:-0.0124; blocks.11.ln2_post.hook_normalized:-0.0004
gemma2,8015,-2,diff,pos-vs-neg,,,blocks.20.hook_resid_post:3.3414; blocks.0.hook_resid_post:-1.1735; blocks.0.ln1_post.hook_normalized:0.9269; blocks.9.ln1_post.hook_normalized:-0.4670; blocks.6.ln2_post.hook_normalized:0.4274; blocks.11.ln1_post.hook_normalized:-0.4068; blocks.7.ln2_post.hook_normalized:0.3948; blocks.10.ln2_post.hook_normalized:-0.3941; blocks.7.ln1_post.hook_normalized:-0.3939; blocks.9.ln2_post.hook_normalized:0.3921; blocks.18.ln1_post.hook_normalized:-0.3783; blocks.17.ln1_post.hook_normalized:0.3735; blocks.13.ln1_post.hook_normalized:-0.3403; blocks.8.ln2_post.hook_normalized:0.3386; blocks.11.ln2_post.hook_normalized:0.2938; blocks.15.ln1_post.hook_normalized:-0.2918; blocks.5.ln2_post.hook_normalized:0.2901; blocks.10.ln1_post.hook_normalized:-0.2806; blocks.19.ln2_post.hook_normalized:0.2581; blocks.15.ln2_post.hook_normalized:0.2520; blocks.17.ln2_post.hook_normalized:0.2495; blocks.8.ln1_post.hook_normalized:-0.2441; blocks.4.ln1_post.hook_normalized:0.2002; blocks.16.ln1_post.hook_normalized:-0.1739; blocks.19.ln1_post.hook_normalized:-0.1719; blocks.1.ln2_post.hook_normalized:0.1597; blocks.18.ln2_post.hook_normalized:-0.1379; blocks.14.ln1_post.hook_normalized:-0.1332; blocks.16.ln2_post.hook_normalized:0.1303; blocks.14.ln2_post.hook_normalized:0.1228; blocks.1.ln1_post.hook_normalized:-0.1174; blocks.0.ln2_post.hook_normalized:0.1098; blocks.5.ln1_post.hook_normalized:-0.1065; blocks.12.ln1_post.hook_normalized:-0.1034; blocks.2.ln1_post.hook_normalized:0.0917; blocks.20.ln1_post.hook_normalized:0.0864; blocks.3.ln1_post.hook_normalized:0.0724; blocks.2.ln2_post.hook_normalized:0.0544; blocks.4.ln2_post.hook_normalized:0.0503; blocks.3.ln2_post.hook_normalized:-0.0440; blocks.13.ln2_post.hook_normalized:-0.0346; blocks.6.ln1_post.hook_normalized:0.0326; blocks.12.ln2_post.hook_normalized:0.0251; blocks.20.ln2_post.hook_normalized:0.0211
gemma2,8015,-3,diff,pos-vs-neg,,,blocks.20.hook_resid_post:8.0883; blocks.0.hook_resid_post:0.9040; blocks.19.ln2_post.hook_normalized:0.5125; blocks.7.ln2_post.hook_normalized:0.4855; blocks.18.ln2_post.hook_normalized:0.4655; blocks.17.ln2_post.hook_normalized:0.4652; blocks.17.ln1_post.hook_normalized:0.4537; blocks.16.ln2_post.hook_normalized:0.4394; blocks.6.ln2_post.hook_normalized:0.4210; blocks.0.ln1_post.hook_normalized:0.4120; blocks.9.ln1_post.hook_normalized:-0.4077; blocks.15.ln2_post.hook_normalized:0.3939; blocks.10.ln2_post.hook_normalized:-0.3759; blocks.8.ln1_post.hook_normalized:-0.3423; blocks.14.ln2_post.hook_normalized:0.3307; blocks.11.ln1_post.hook_normalized:-0.3248; blocks.3.ln2_post.hook_normalized:-0.3155; blocks.1.ln2_post.hook_normalized:-0.3077; blocks.18.ln1_post.hook_normalized:-0.2880; blocks.15.ln1_post.hook_normalized:-0.2486; blocks.9.ln2_post.hook_normalized:0.2453; blocks.3.ln1_post.hook_normalized:0.2429; blocks.5.ln2_post.hook_normalized:0.2387; blocks.20.ln2_post.hook_normalized:0.2352; blocks.13.ln1_post.hook_normalized:-0.2239; blocks.4.ln2_post.hook_normalized:0.1980; blocks.2.ln1_post.hook_normalized:-0.1965; blocks.4.ln1_post.hook_normalized:0.1880; blocks.19.ln1_post.hook_normalized:-0.1616; blocks.7.ln1_post.hook_normalized:-0.1430; blocks.11.ln2_post.hook_normalized:0.1412; blocks.8.ln2_post.hook_normalized:0.1115; blocks.14.ln1_post.hook_normalized:-0.1101; blocks.2.ln2_post.hook_normalized:-0.1012; blocks.6.ln1_post.hook_normalized:0.0606; blocks.20.ln1_post.hook_normalized:0.0590; blocks.10.ln1_post.hook_normalized:-0.0573; blocks.16.ln1_post.hook_normalized:-0.0534; blocks.5.ln1_post.hook_normalized:-0.0406; blocks.0.ln2_post.hook_normalized:-0.0351; blocks.12.ln2_post.hook_normalized:0.0319; blocks.1.ln1_post.hook_normalized:0.0213; blocks.13.ln2_post.hook_normalized:0.0068; blocks.12.ln1_post.hook_normalized:-0.0063
gemma2,8015,-1,Component Similarities,All,,,blocks.0.hook_resid_post:0.0908; blocks.20.ln2_post.hook_normalized:-0.0762; blocks.1.ln2_post.hook_normalized:-0.0518; blocks.8.ln1_post.hook_normalized:-0.0447; blocks.17.ln1_post.hook_normalized:-0.0374; blocks.19.ln2_post.hook_normalized:0.0356; blocks.4.ln1_post.hook_normalized:0.0347; blocks.6.ln1_post.hook_normalized:-0.0347; blocks.19.ln1_post.hook_normalized:-0.0332; blocks.4.ln2_post.hook_normalized:-0.0315; blocks.3.ln2_post.hook_normalized:-0.0311; blocks.2.ln2_post.hook_normalized:0.0292; blocks.13.ln1_post.hook_normalized:-0.0281; blocks.9.ln1_post.hook_normalized:-0.0269; blocks.0.ln2_post.hook_normalized:-0.0258; blocks.15.ln1_post.hook_normalized:-0.0255; blocks.8.ln2_post.hook_normalized:0.0227; blocks.18.ln2_post.hook_normalized:-0.0225; blocks.15.ln2_post.hook_normalized:0.0216; blocks.14.ln1_post.hook_normalized:-0.0210; blocks.10.ln1_post.hook_normalized:-0.0179; blocks.12.ln2_post.hook_normalized:-0.0167; blocks.5.ln2_post.hook_normalized:0.0154; blocks.13.ln2_post.hook_normalized:-0.0131; blocks.20.hook_resid_post:-0.0116; blocks.20.ln1_post.hook_normalized:0.0115; blocks.7.ln2_post.hook_normalized:0.0108; blocks.1.ln1_post.hook_normalized:0.0107; blocks.16.ln1_post.hook_normalized:-0.0095; blocks.14.ln2_post.hook_normalized:0.0092; blocks.16.ln2_post.hook_normalized:-0.0088; blocks.9.ln2_post.hook_normalized:-0.0075; blocks.10.ln2_post.hook_normalized:-0.0068; blocks.11.ln1_post.hook_normalized:0.0068; blocks.18.ln1_post.hook_normalized:-0.0061; blocks.17.ln2_post.hook_normalized:0.0053; blocks.12.ln1_post.hook_normalized:0.0048; blocks.7.ln1_post.hook_normalized:0.0036; blocks.5.ln1_post.hook_normalized:-0.0032; blocks.6.ln2_post.hook_normalized:0.0016; blocks.0.ln1_post.hook_normalized:0.0013; blocks.3.ln1_post.hook_normalized:0.0011; blocks.2.ln1_post.hook_normalized:-0.0006; blocks.11.ln2_post.hook_normalized:-0.0005
gemma2,8015,-2,Component Similarities,All,,,blocks.0.hook_resid_post:-0.0688; blocks.0.ln1_post.hook_normalized:0.0645; blocks.18.ln1_post.hook_normalized:-0.0510; blocks.6.ln2_post.hook_normalized:0.0466; blocks.20.hook_resid_post:0.0454; blocks.7.ln2_post.hook_normalized:0.0435; blocks.13.ln1_post.hook_normalized:-0.0383; blocks.8.ln2_post.hook_normalized:0.0378; blocks.15.ln1_post.hook_normalized:-0.0364; blocks.5.ln2_post.hook_normalized:0.0344; blocks.15.ln2_post.hook_normalized:0.0339; blocks.8.ln1_post.hook_normalized:-0.0337; blocks.6.ln1_post.hook_normalized:-0.0332; blocks.10.ln2_post.hook_normalized:-0.0327; blocks.20.ln1_post.hook_normalized:0.0325; blocks.9.ln1_post.hook_normalized:-0.0312; blocks.17.ln1_post.hook_normalized:0.0309; blocks.7.ln1_post.hook_normalized:-0.0297; blocks.9.ln2_post.hook_normalized:0.0293; blocks.4.ln1_post.hook_normalized:0.0284; blocks.3.ln2_post.hook_normalized:-0.0283; blocks.11.ln1_post.hook_normalized:-0.0281; blocks.10.ln1_post.hook_normalized:-0.0270; blocks.14.ln1_post.hook_normalized:-0.0253; blocks.17.ln2_post.hook_normalized:0.0250; blocks.11.ln2_post.hook_normalized:0.0248; blocks.16.ln1_post.hook_normalized:-0.0247; blocks.1.ln2_post.hook_normalized:0.0236; blocks.20.ln2_post.hook_normalized:-0.0186; blocks.3.ln1_post.hook_normalized:0.0154; blocks.19.ln1_post.hook_normalized:-0.0148; blocks.2.ln2_post.hook_normalized:0.0137; blocks.1.ln1_post.hook_normalized:-0.0127; blocks.4.ln2_post.hook_normalized:0.0126; blocks.16.ln2_post.hook_normalized:0.0121; blocks.0.ln2_post.hook_normalized:0.0120; blocks.14.ln2_post.hook_normalized:0.0112; blocks.18.ln2_post.hook_normalized:-0.0106; blocks.19.ln2_post.hook_normalized:0.0104; blocks.12.ln1_post.hook_normalized:-0.0078; blocks.5.ln1_post.hook_normalized:-0.0072; blocks.2.ln1_post.hook_normalized:0.0058; blocks.13.ln2_post.hook_normalized:-0.0055; blocks.12.ln2_post.hook_normalized:0.0019
gemma2,8015,-3,Component Similarities,All,,,blocks.20.hook_resid_post:0.1187; blocks.0.hook_resid_post:0.0791; blocks.18.ln2_post.hook_normalized:0.0728; blocks.3.ln2_post.hook_normalized:-0.0664; blocks.7.ln2_post.hook_normalized:0.0605; blocks.17.ln2_post.hook_normalized:0.0554; blocks.16.ln2_post.hook_normalized:0.0488; blocks.1.ln2_post.hook_normalized:-0.0459; blocks.6.ln2_post.hook_normalized:0.0459; blocks.15.ln2_post.hook_normalized:0.0454; blocks.8.ln1_post.hook_normalized:-0.0444; blocks.17.ln1_post.hook_normalized:0.0437; blocks.19.ln2_post.hook_normalized:0.0396; blocks.0.ln1_post.hook_normalized:0.0378; blocks.14.ln2_post.hook_normalized:0.0366; blocks.18.ln1_post.hook_normalized:-0.0364; blocks.10.ln2_post.hook_normalized:-0.0352; blocks.3.ln1_post.hook_normalized:0.0339; blocks.15.ln1_post.hook_normalized:-0.0325; blocks.2.ln1_post.hook_normalized:-0.0315; blocks.5.ln2_post.hook_normalized:0.0308; blocks.4.ln2_post.hook_normalized:0.0286; blocks.20.ln2_post.hook_normalized:0.0271; blocks.9.ln1_post.hook_normalized:-0.0267; blocks.4.ln1_post.hook_normalized:0.0262; blocks.13.ln1_post.hook_normalized:-0.0248; blocks.11.ln1_post.hook_normalized:-0.0238; blocks.20.ln1_post.hook_normalized:0.0226; blocks.6.ln1_post.hook_normalized:-0.0216; blocks.14.ln1_post.hook_normalized:-0.0208; blocks.11.ln2_post.hook_normalized:0.0132; blocks.16.ln1_post.hook_normalized:-0.0108; blocks.7.ln1_post.hook_normalized:-0.0101; blocks.9.ln2_post.hook_normalized:0.0085; blocks.10.ln1_post.hook_normalized:-0.0077; blocks.8.ln2_post.hook_normalized:0.0071; blocks.0.ln2_post.hook_normalized:-0.0058; blocks.19.ln1_post.hook_normalized:-0.0058; blocks.2.ln2_post.hook_normalized:-0.0044; blocks.5.ln1_post.hook_normalized:-0.0039; blocks.12.ln2_post.hook_normalized:0.0035; blocks.13.ln2_post.hook_normalized:0.0027; blocks.12.ln1_post.hook_normalized:-0.0017; blocks.1.ln1_post.hook_normalized:0.0011
gemma2,5548,-1,lars,negative,0.48627844410676424,,blocks.0.hook_resid_post:0.5140; blocks.20.ln2_post.hook_normalized:7.1080; blocks.17.ln1_post.hook_normalized:6.6849; blocks.3.ln2_post.hook_normalized:-0.0258; blocks.0.ln1_post.hook_normalized:1.4375; blocks.13.ln1_post.hook_normalized:1.4952; blocks.18.ln2_post.hook_normalized:1.3988; blocks.7.ln1_post.hook_normalized:0.0000; blocks.6.ln2_post.hook_normalized:0.0000; blocks.19.ln2_post.hook_normalized:0.0000; blocks.17.ln2_post.hook_normalized:0.0000; blocks.14.ln2_post.hook_normalized:0.0000; blocks.16.ln2_post.hook_normalized:0.0000; blocks.8.ln2_post.hook_normalized:0.0000; blocks.1.ln1_post.hook_normalized:0.0000; blocks.9.ln2_post.hook_normalized:0.0000; blocks.6.ln1_post.hook_normalized:0.0000; blocks.11.ln2_post.hook_normalized:0.0000; blocks.5.ln2_post.hook_normalized:0.0000; blocks.3.ln1_post.hook_normalized:0.0000; blocks.0.ln2_post.hook_normalized:0.0000; blocks.11.ln1_post.hook_normalized:0.0000; blocks.18.ln1_post.hook_normalized:0.0000; blocks.1.ln2_post.hook_normalized:0.0000; blocks.4.ln2_post.hook_normalized:0.0000; blocks.19.ln1_post.hook_normalized:0.0000; blocks.12.ln1_post.hook_normalized:0.0000; blocks.20.ln1_post.hook_normalized:0.0000; blocks.16.ln1_post.hook_normalized:0.0000; blocks.10.ln2_post.hook_normalized:0.0000; blocks.14.ln1_post.hook_normalized:0.0000; blocks.7.ln2_post.hook_normalized:0.0000; blocks.5.ln1_post.hook_normalized:0.0000; blocks.4.ln1_post.hook_normalized:0.0000; blocks.8.ln1_post.hook_normalized:0.0000; blocks.2.ln2_post.hook_normalized:0.0000; blocks.15.ln1_post.hook_normalized:0.0000; blocks.12.ln2_post.hook_normalized:0.0000; blocks.2.ln1_post.hook_normalized:0.0000; blocks.13.ln2_post.hook_normalized:0.0000; blocks.9.ln1_post.hook_normalized:0.0000; blocks.10.ln1_post.hook_normalized:0.0000; blocks.15.ln2_post.hook_normalized:0.0000
gemma2,5548,-1,lars,positive,0.16388356257256453,,blocks.0.hook_resid_post:0.1072; blocks.20.ln2_post.hook_normalized:12.6526; blocks.13.ln1_post.hook_normalized:4.6470; blocks.11.ln1_post.hook_normalized:0.3620; blocks.17.ln1_post.hook_normalized:0.7440; blocks.7.ln1_post.hook_normalized:1.0277; blocks.16.ln1_post.hook_normalized:0.7728; blocks.16.ln2_post.hook_normalized:0.0000; blocks.9.ln2_post.hook_normalized:0.0000; blocks.14.ln2_post.hook_normalized:0.0000; blocks.3.ln2_post.hook_normalized:0.0000; blocks.13.ln2_post.hook_normalized:0.0000; blocks.15.ln2_post.hook_normalized:0.0000; blocks.1.ln1_post.hook_normalized:0.0000; blocks.19.ln2_post.hook_normalized:0.0000; blocks.7.ln2_post.hook_normalized:0.0000; blocks.15.ln1_post.hook_normalized:0.0000; blocks.11.ln2_post.hook_normalized:0.0000; blocks.5.ln2_post.hook_normalized:0.0000; blocks.17.ln2_post.hook_normalized:0.0000; blocks.10.ln1_post.hook_normalized:0.0000; blocks.4.ln2_post.hook_normalized:0.0000; blocks.10.ln2_post.hook_normalized:0.0000; blocks.4.ln1_post.hook_normalized:0.0000; blocks.5.ln1_post.hook_normalized:0.0000; blocks.0.ln1_post.hook_normalized:0.0000; blocks.1.ln2_post.hook_normalized:0.0000; blocks.8.ln1_post.hook_normalized:0.0000; blocks.12.ln2_post.hook_normalized:0.0000; blocks.9.ln1_post.hook_normalized:0.0000; blocks.3.ln1_post.hook_normalized:0.0000; blocks.18.ln2_post.hook_normalized:0.0000; blocks.8.ln2_post.hook_normalized:0.0000; blocks.6.ln2_post.hook_normalized:0.0000; blocks.6.ln1_post.hook_normalized:0.0000; blocks.18.ln1_post.hook_normalized:0.0000; blocks.0.ln2_post.hook_normalized:0.0000; blocks.19.ln1_post.hook_normalized:0.0000; blocks.14.ln1_post.hook_normalized:0.0000; blocks.2.ln1_post.hook_normalized:0.0000; blocks.20.ln1_post.hook_normalized:0.0000; blocks.2.ln2_post.hook_normalized:0.0000; blocks.12.ln1_post.hook_normalized:0.0000
gemma2,5548,-2,lars,negative,0.5724732631724508,,blocks.0.hook_resid_post:0.9294; blocks.17.ln1_post.hook_normalized:4.6644; blocks.20.ln2_post.hook_normalized:7.5030; blocks.3.ln2_post.hook_normalized:1.0322; blocks.13.ln1_post.hook_normalized:4.1189; blocks.18.ln2_post.hook_normalized:2.8560; blocks.19.ln2_post.hook_normalized:1.8868; blocks.14.ln2_post.hook_normalized:0.0000; blocks.15.ln2_post.hook_normalized:0.0000; blocks.6.ln2_post.hook_normalized:0.0000; blocks.10.ln2_post.hook_normalized:0.0000; blocks.16.ln2_post.hook_normalized:0.0000; blocks.11.ln2_post.hook_normalized:0.0000; blocks.15.ln1_post.hook_normalized:0.0000; blocks.17.ln2_post.hook_normalized:0.0000; blocks.20.ln1_post.hook_normalized:0.0000; blocks.16.ln1_post.hook_normalized:0.0000; blocks.0.ln1_post.hook_normalized:0.0000; blocks.7.ln2_post.hook_normalized:0.0000; blocks.11.ln1_post.hook_normalized:0.0000; blocks.19.ln1_post.hook_normalized:0.0000; blocks.9.ln2_post.hook_normalized:0.0000; blocks.8.ln2_post.hook_normalized:0.0000; blocks.13.ln2_post.hook_normalized:0.0000; blocks.1.ln1_post.hook_normalized:0.0000; blocks.10.ln1_post.hook_normalized:0.0000; blocks.4.ln1_post.hook_normalized:0.0000; blocks.7.ln1_post.hook_normalized:0.0000; blocks.5.ln2_post.hook_normalized:0.0000; blocks.5.ln1_post.hook_normalized:0.0000; blocks.12.ln2_post.hook_normalized:0.0000; blocks.6.ln1_post.hook_normalized:0.0000; blocks.1.ln2_post.hook_normalized:0.0000; blocks.3.ln1_post.hook_normalized:0.0000; blocks.2.ln1_post.hook_normalized:0.0000; blocks.2.ln2_post.hook_normalized:0.0000; blocks.8.ln1_post.hook_normalized:0.0000; blocks.4.ln2_post.hook_normalized:0.0000; blocks.14.ln1_post.hook_normalized:0.0000; blocks.12.ln1_post.hook_normalized:0.0000; blocks.0.ln2_post.hook_normalized:0.0000; blocks.18.ln1_post.hook_normalized:0.0000; blocks.9.ln1_post.hook_normalized:0.0000
gemma2,5548,-2,lars,positive,0.5128944262961205,,blocks.17.ln1_post.hook_normalized:12.1159; blocks.0.hook_resid_post:1.1558; blocks.13.ln1_post.hook_normalized:6.7736; blocks.8.ln2_post.hook_normalized:1.0968; blocks.6.ln2_post.hook_normalized:1.7231; blocks.18.ln2_post.hook_normalized:0.9819; blocks.5.ln2_post.hook_normalized:0.6783; blocks.11.ln1_post.hook_normalized:0.0000; blocks.0.ln2_post.hook_normalized:0.0000; blocks.2.ln2_post.hook_normalized:0.0000; blocks.7.ln2_post.hook_normalized:0.0000; blocks.20.ln2_post.hook_normalized:0.0000; blocks.1.ln1_post.hook_normalized:0.0000; blocks.13.ln2_post.hook_normalized:0.0000; blocks.0.ln1_post.hook_normalized:0.0000; blocks.15.ln1_post.hook_normalized:0.0000; blocks.14.ln2_post.hook_normalized:0.0000; blocks.1.ln2_post.hook_normalized:0.0000; blocks.19.ln1_post.hook_normalized:0.0000; blocks.7.ln1_post.hook_normalized:0.0000; blocks.4.ln1_post.hook_normalized:0.0000; blocks.12.ln1_post.hook_normalized:0.0000; blocks.15.ln2_post.hook_normalized:0.0000; blocks.10.ln2_post.hook_normalized:0.0000; blocks.11.ln2_post.hook_normalized:0.0000; blocks.9.ln2_post.hook_normalized:0.0000; blocks.19.ln2_post.hook_normalized:0.0000; blocks.10.ln1_post.hook_normalized:0.0000; blocks.17.ln2_post.hook_normalized:0.0000; blocks.2.ln1_post.hook_normalized:0.0000; blocks.6.ln1_post.hook_normalized:0.0000; blocks.12.ln2_post.hook_normalized:0.0000; blocks.9.ln1_post.hook_normalized:0.0000; blocks.4.ln2_post.hook_normalized:0.0000; blocks.20.ln1_post.hook_normalized:0.0000; blocks.16.ln1_post.hook_normalized:0.0000; blocks.5.ln1_post.hook_normalized:0.0000; blocks.3.ln1_post.hook_normalized:0.0000; blocks.18.ln1_post.hook_normalized:0.0000; blocks.16.ln2_post.hook_normalized:0.0000; blocks.8.ln1_post.hook_normalized:0.0000; blocks.14.ln1_post.hook_normalized:0.0000; blocks.3.ln2_post.hook_normalized:0.0000
gemma2,5548,-3,lars,negative,0.6301363144555916,,blocks.0.hook_resid_post:0.8873; blocks.17.ln1_post.hook_normalized:5.6081; blocks.20.ln2_post.hook_normalized:5.9045; blocks.3.ln2_post.hook_normalized:0.6195; blocks.18.ln2_post.hook_normalized:5.2537; blocks.13.ln1_post.hook_normalized:4.3230; blocks.19.ln2_post.hook_normalized:1.9519; blocks.14.ln2_post.hook_normalized:0.0000; blocks.10.ln2_post.hook_normalized:0.0000; blocks.16.ln2_post.hook_normalized:0.0000; blocks.6.ln2_post.hook_normalized:0.0000; blocks.10.ln1_post.hook_normalized:0.0000; blocks.17.ln2_post.hook_normalized:0.0000; blocks.5.ln2_post.hook_normalized:0.0000; blocks.15.ln1_post.hook_normalized:0.0000; blocks.11.ln2_post.hook_normalized:0.0000; blocks.15.ln2_post.hook_normalized:0.0000; blocks.1.ln1_post.hook_normalized:0.0000; blocks.0.ln1_post.hook_normalized:0.0000; blocks.9.ln2_post.hook_normalized:0.0000; blocks.13.ln2_post.hook_normalized:0.0000; blocks.8.ln2_post.hook_normalized:0.0000; blocks.16.ln1_post.hook_normalized:0.0000; blocks.19.ln1_post.hook_normalized:0.0000; blocks.11.ln1_post.hook_normalized:0.0000; blocks.7.ln1_post.hook_normalized:0.0000; blocks.7.ln2_post.hook_normalized:0.0000; blocks.12.ln2_post.hook_normalized:0.0000; blocks.6.ln1_post.hook_normalized:0.0000; blocks.1.ln2_post.hook_normalized:0.0000; blocks.20.ln1_post.hook_normalized:0.0000; blocks.3.ln1_post.hook_normalized:0.0000; blocks.4.ln2_post.hook_normalized:0.0000; blocks.12.ln1_post.hook_normalized:0.0000; blocks.14.ln1_post.hook_normalized:0.0000; blocks.8.ln1_post.hook_normalized:0.0000; blocks.4.ln1_post.hook_normalized:0.0000; blocks.2.ln1_post.hook_normalized:0.0000; blocks.9.ln1_post.hook_normalized:0.0000; blocks.2.ln2_post.hook_normalized:0.0000; blocks.5.ln1_post.hook_normalized:0.0000; blocks.0.ln2_post.hook_normalized:0.0000; blocks.18.ln1_post.hook_normalized:0.0000
gemma2,5548,-3,lars,positive,0.7603934997340291,,blocks.0.hook_resid_post:0.5502; blocks.17.ln1_post.hook_normalized:9.4039; blocks.20.ln2_post.hook_normalized:5.0302; blocks.13.ln1_post.hook_normalized:4.4176; blocks.18.ln2_post.hook_normalized:2.4636; blocks.14.ln2_post.hook_normalized:0.9617; blocks.15.ln1_post.hook_normalized:0.0887; blocks.10.ln2_post.hook_normalized:0.0000; blocks.10.ln1_post.hook_normalized:0.0000; blocks.1.ln1_post.hook_normalized:0.0000; blocks.0.ln1_post.hook_normalized:0.0000; blocks.19.ln1_post.hook_normalized:0.0000; blocks.19.ln2_post.hook_normalized:0.0000; blocks.5.ln2_post.hook_normalized:0.0000; blocks.8.ln2_post.hook_normalized:0.0000; blocks.16.ln2_post.hook_normalized:0.0000; blocks.20.ln1_post.hook_normalized:0.0000; blocks.0.ln2_post.hook_normalized:0.0000; blocks.9.ln2_post.hook_normalized:0.0000; blocks.1.ln2_post.hook_normalized:0.0000; blocks.11.ln2_post.hook_normalized:0.0000; blocks.13.ln2_post.hook_normalized:0.0000; blocks.11.ln1_post.hook_normalized:0.0000; blocks.7.ln1_post.hook_normalized:0.0000; blocks.17.ln2_post.hook_normalized:0.0000; blocks.6.ln2_post.hook_normalized:0.0000; blocks.12.ln2_post.hook_normalized:0.0000; blocks.7.ln2_post.hook_normalized:0.0000; blocks.15.ln2_post.hook_normalized:0.0000; blocks.4.ln1_post.hook_normalized:0.0000; blocks.9.ln1_post.hook_normalized:0.0000; blocks.16.ln1_post.hook_normalized:0.0000; blocks.6.ln1_post.hook_normalized:0.0000; blocks.3.ln2_post.hook_normalized:0.0000; blocks.12.ln1_post.hook_normalized:0.0000; blocks.2.ln2_post.hook_normalized:0.0000; blocks.2.ln1_post.hook_normalized:0.0000; blocks.8.ln1_post.hook_normalized:0.0000; blocks.4.ln2_post.hook_normalized:0.0000; blocks.18.ln1_post.hook_normalized:0.0000; blocks.3.ln1_post.hook_normalized:0.0000; blocks.5.ln1_post.hook_normalized:0.0000; blocks.14.ln1_post.hook_normalized:0.0000
gemma2,5548,-1,diff,pos-vs-neg,,,blocks.0.hook_resid_post:2.5728; blocks.20.hook_resid_post:-1.1475; blocks.11.ln1_post.hook_normalized:0.7377; blocks.20.ln2_post.hook_normalized:-0.6255; blocks.13.ln2_post.hook_normalized:-0.5745; blocks.16.ln1_post.hook_normalized:0.5730; blocks.1.ln2_post.hook_normalized:-0.5154; blocks.19.ln1_post.hook_normalized:-0.4321; blocks.0.ln2_post.hook_normalized:-0.4160; blocks.7.ln1_post.hook_normalized:0.3893; blocks.0.ln1_post.hook_normalized:-0.3199; blocks.14.ln2_post.hook_normalized:-0.3132; blocks.13.ln1_post.hook_normalized:0.2622; blocks.16.ln2_post.hook_normalized:-0.2599; blocks.3.ln1_post.hook_normalized:0.2349; blocks.10.ln2_post.hook_normalized:-0.2264; blocks.19.ln2_post.hook_normalized:0.1878; blocks.1.ln1_post.hook_normalized:0.1862; blocks.4.ln2_post.hook_normalized:-0.1804; blocks.17.ln2_post.hook_normalized:-0.1643; blocks.15.ln2_post.hook_normalized:-0.1540; blocks.18.ln1_post.hook_normalized:0.1524; blocks.18.ln2_post.hook_normalized:-0.1373; blocks.3.ln2_post.hook_normalized:-0.1326; blocks.14.ln1_post.hook_normalized:-0.1287; blocks.5.ln2_post.hook_normalized:0.1267; blocks.7.ln2_post.hook_normalized:-0.1211; blocks.11.ln2_post.hook_normalized:-0.1200; blocks.17.ln1_post.hook_normalized:-0.1183; blocks.8.ln2_post.hook_normalized:0.1039; blocks.2.ln1_post.hook_normalized:-0.0994; blocks.12.ln2_post.hook_normalized:0.0844; blocks.10.ln1_post.hook_normalized:0.0648; blocks.20.ln1_post.hook_normalized:-0.0629; blocks.8.ln1_post.hook_normalized:-0.0554; blocks.4.ln1_post.hook_normalized:0.0504; blocks.9.ln2_post.hook_normalized:-0.0469; blocks.9.ln1_post.hook_normalized:-0.0466; blocks.15.ln1_post.hook_normalized:0.0317; blocks.6.ln2_post.hook_normalized:-0.0219; blocks.12.ln1_post.hook_normalized:0.0207; blocks.6.ln1_post.hook_normalized:0.0160; blocks.2.ln2_post.hook_normalized:0.0137; blocks.5.ln1_post.hook_normalized:0.0126
gemma2,5548,-2,diff,pos-vs-neg,,,blocks.20.hook_resid_post:7.0204; blocks.0.hook_resid_post:-0.8508; blocks.0.ln1_post.hook_normalized:0.7471; blocks.0.ln2_post.hook_normalized:0.4817; blocks.11.ln2_post.hook_normalized:0.4025; blocks.17.ln1_post.hook_normalized:0.4018; blocks.6.ln2_post.hook_normalized:0.3997; blocks.9.ln2_post.hook_normalized:0.3439; blocks.11.ln1_post.hook_normalized:0.3393; blocks.8.ln2_post.hook_normalized:0.3235; blocks.19.ln1_post.hook_normalized:-0.3032; blocks.20.ln2_post.hook_normalized:0.2963; blocks.16.ln1_post.hook_normalized:0.2801; blocks.7.ln2_post.hook_normalized:0.2680; blocks.4.ln2_post.hook_normalized:0.2371; blocks.13.ln2_post.hook_normalized:-0.2272; blocks.4.ln1_post.hook_normalized:0.2241; blocks.7.ln1_post.hook_normalized:0.2062; blocks.3.ln2_post.hook_normalized:-0.1942; blocks.9.ln1_post.hook_normalized:-0.1720; blocks.14.ln2_post.hook_normalized:0.1595; blocks.14.ln1_post.hook_normalized:-0.1588; blocks.1.ln2_post.hook_normalized:0.1583; blocks.15.ln2_post.hook_normalized:0.1568; blocks.10.ln2_post.hook_normalized:-0.1558; blocks.19.ln2_post.hook_normalized:0.1557; blocks.16.ln2_post.hook_normalized:-0.1474; blocks.8.ln1_post.hook_normalized:-0.1150; blocks.2.ln2_post.hook_normalized:0.1138; blocks.17.ln2_post.hook_normalized:0.1116; blocks.1.ln1_post.hook_normalized:-0.1106; blocks.6.ln1_post.hook_normalized:0.1083; blocks.5.ln2_post.hook_normalized:0.0947; blocks.18.ln2_post.hook_normalized:0.0943; blocks.5.ln1_post.hook_normalized:-0.0916; blocks.3.ln1_post.hook_normalized:0.0887; blocks.20.ln1_post.hook_normalized:0.0819; blocks.12.ln2_post.hook_normalized:-0.0757; blocks.13.ln1_post.hook_normalized:0.0619; blocks.15.ln1_post.hook_normalized:-0.0326; blocks.2.ln1_post.hook_normalized:0.0241; blocks.18.ln1_post.hook_normalized:0.0208; blocks.10.ln1_post.hook_normalized:0.0142; blocks.12.ln1_post.hook_normalized:0.0121
gemma2,5548,-3,diff,pos-vs-neg,,,blocks.20.hook_resid_post:6.7559; blocks.0.hook_resid_post:-0.9273; blocks.0.ln1_post.hook_normalized:0.5914; blocks.17.ln1_post.hook_normalized:0.4553; blocks.13.ln2_post.hook_normalized:-0.3499; blocks.11.ln2_post.hook_normalized:0.3022; blocks.8.ln2_post.hook_normalized:0.3016; blocks.10.ln2_post.hook_normalized:-0.3015; blocks.17.ln2_post.hook_normalized:0.2995; blocks.15.ln2_post.hook_normalized:0.2906; blocks.18.ln2_post.hook_normalized:0.2707; blocks.6.ln2_post.hook_normalized:0.2583; blocks.7.ln2_post.hook_normalized:0.2290; blocks.20.ln2_post.hook_normalized:0.2202; blocks.9.ln1_post.hook_normalized:-0.1823; blocks.11.ln1_post.hook_normalized:0.1788; blocks.3.ln1_post.hook_normalized:0.1755; blocks.8.ln1_post.hook_normalized:-0.1749; blocks.14.ln2_post.hook_normalized:0.1662; blocks.1.ln2_post.hook_normalized:0.1653; blocks.19.ln1_post.hook_normalized:-0.1530; blocks.7.ln1_post.hook_normalized:0.1514; blocks.20.ln1_post.hook_normalized:0.1480; blocks.16.ln1_post.hook_normalized:0.1472; blocks.4.ln2_post.hook_normalized:0.1433; blocks.6.ln1_post.hook_normalized:0.1406; blocks.9.ln2_post.hook_normalized:0.0976; blocks.19.ln2_post.hook_normalized:0.0929; blocks.12.ln2_post.hook_normalized:-0.0891; blocks.4.ln1_post.hook_normalized:0.0807; blocks.18.ln1_post.hook_normalized:0.0744; blocks.3.ln2_post.hook_normalized:-0.0675; blocks.14.ln1_post.hook_normalized:-0.0647; blocks.12.ln1_post.hook_normalized:-0.0605; blocks.0.ln2_post.hook_normalized:0.0539; blocks.1.ln1_post.hook_normalized:-0.0428; blocks.2.ln1_post.hook_normalized:-0.0418; blocks.10.ln1_post.hook_normalized:0.0271; blocks.5.ln1_post.hook_normalized:-0.0252; blocks.5.ln2_post.hook_normalized:-0.0106; blocks.13.ln1_post.hook_normalized:0.0087; blocks.2.ln2_post.hook_normalized:0.0080; blocks.16.ln2_post.hook_normalized:0.0072; blocks.15.ln1_post.hook_normalized:-0.0020
gemma2,5548,-1,Component Similarities,All,,,blocks.0.hook_resid_post:0.1387; blocks.20.ln2_post.hook_normalized:-0.0674; blocks.19.ln1_post.hook_normalized:-0.0664; blocks.1.ln2_post.hook_normalized:-0.0635; blocks.16.ln1_post.hook_normalized:0.0613; blocks.17.ln1_post.hook_normalized:-0.0574; blocks.11.ln1_post.hook_normalized:0.0491; blocks.13.ln2_post.hook_normalized:-0.0454; blocks.13.ln1_post.hook_normalized:0.0280; blocks.20.hook_resid_post:-0.0277; blocks.16.ln2_post.hook_normalized:-0.0273; blocks.0.ln2_post.hook_normalized:-0.0269; blocks.14.ln2_post.hook_normalized:-0.0266; blocks.6.ln1_post.hook_normalized:-0.0253; blocks.7.ln1_post.hook_normalized:0.0251; blocks.18.ln1_post.hook_normalized:0.0249; blocks.3.ln2_post.hook_normalized:-0.0239; blocks.4.ln2_post.hook_normalized:-0.0237; blocks.3.ln1_post.hook_normalized:0.0208; blocks.10.ln2_post.hook_normalized:-0.0193; blocks.0.ln1_post.hook_normalized:-0.0189; blocks.9.ln2_post.hook_normalized:-0.0178; blocks.17.ln2_post.hook_normalized:-0.0160; blocks.15.ln2_post.hook_normalized:-0.0157; blocks.18.ln2_post.hook_normalized:-0.0157; blocks.5.ln2_post.hook_normalized:0.0143; blocks.14.ln1_post.hook_normalized:-0.0138; blocks.4.ln1_post.hook_normalized:0.0123; blocks.1.ln1_post.hook_normalized:0.0114; blocks.19.ln2_post.hook_normalized:0.0104; blocks.11.ln2_post.hook_normalized:-0.0096; blocks.7.ln2_post.hook_normalized:-0.0092; blocks.15.ln1_post.hook_normalized:0.0080; blocks.8.ln2_post.hook_normalized:0.0077; blocks.20.ln1_post.hook_normalized:-0.0071; blocks.8.ln1_post.hook_normalized:-0.0065; blocks.12.ln2_post.hook_normalized:0.0060; blocks.10.ln1_post.hook_normalized:0.0048; blocks.6.ln2_post.hook_normalized:-0.0028; blocks.9.ln1_post.hook_normalized:-0.0028; blocks.2.ln2_post.hook_normalized:0.0022; blocks.12.ln1_post.hook_normalized:0.0015; blocks.2.ln1_post.hook_normalized:-0.0014; blocks.5.ln1_post.hook_normalized:-0.0003
gemma2,5548,-2,Component Similarities,All,,,blocks.20.hook_resid_post:0.0815; blocks.3.ln2_post.hook_normalized:-0.0664; blocks.0.ln2_post.hook_normalized:0.0591; blocks.0.ln1_post.hook_normalized:0.0564; blocks.0.hook_resid_post:-0.0544; blocks.6.ln2_post.hook_normalized:0.0469; blocks.11.ln2_post.hook_normalized:0.0376; blocks.8.ln2_post.hook_normalized:0.0369; blocks.19.ln1_post.hook_normalized:-0.0366; blocks.20.ln2_post.hook_normalized:0.0366; blocks.4.ln2_post.hook_normalized:0.0354; blocks.7.ln2_post.hook_normalized:0.0310; blocks.9.ln2_post.hook_normalized:0.0299; blocks.17.ln1_post.hook_normalized:0.0287; blocks.15.ln2_post.hook_normalized:0.0276; blocks.4.ln1_post.hook_normalized:0.0270; blocks.11.ln1_post.hook_normalized:0.0266; blocks.16.ln1_post.hook_normalized:0.0266; blocks.20.ln1_post.hook_normalized:0.0264; blocks.13.ln2_post.hook_normalized:-0.0247; blocks.14.ln1_post.hook_normalized:-0.0219; blocks.1.ln2_post.hook_normalized:0.0190; blocks.8.ln1_post.hook_normalized:-0.0178; blocks.7.ln1_post.hook_normalized:0.0171; blocks.17.ln2_post.hook_normalized:0.0167; blocks.16.ln2_post.hook_normalized:-0.0165; blocks.14.ln2_post.hook_normalized:0.0151; blocks.10.ln2_post.hook_normalized:-0.0145; blocks.18.ln2_post.hook_normalized:0.0145; blocks.9.ln1_post.hook_normalized:-0.0134; blocks.2.ln2_post.hook_normalized:0.0129; blocks.5.ln2_post.hook_normalized:0.0119; blocks.3.ln1_post.hook_normalized:0.0110; blocks.1.ln1_post.hook_normalized:-0.0107; blocks.19.ln2_post.hook_normalized:0.0103; blocks.5.ln1_post.hook_normalized:-0.0067; blocks.12.ln2_post.hook_normalized:-0.0060; blocks.13.ln1_post.hook_normalized:0.0055; blocks.6.ln1_post.hook_normalized:-0.0049; blocks.12.ln1_post.hook_normalized:0.0048; blocks.15.ln1_post.hook_normalized:-0.0045; blocks.18.ln1_post.hook_normalized:0.0042; blocks.2.ln1_post.hook_normalized:0.0027; blocks.10.ln1_post.hook_normalized:-0.0018
gemma2,5548,-3,Component Similarities,All,,,blocks.20.hook_resid_post:0.0986; blocks.0.hook_resid_post:-0.0688; blocks.0.ln1_post.hook_normalized:0.0635; blocks.15.ln2_post.hook_normalized:0.0488; blocks.17.ln2_post.hook_normalized:0.0464; blocks.18.ln2_post.hook_normalized:0.0454; blocks.3.ln2_post.hook_normalized:-0.0442; blocks.17.ln1_post.hook_normalized:0.0435; blocks.20.ln1_post.hook_normalized:0.0422; blocks.13.ln2_post.hook_normalized:-0.0388; blocks.10.ln2_post.hook_normalized:-0.0378; blocks.6.ln2_post.hook_normalized:0.0349; blocks.11.ln2_post.hook_normalized:0.0334; blocks.20.ln2_post.hook_normalized:0.0334; blocks.7.ln2_post.hook_normalized:0.0327; blocks.8.ln2_post.hook_normalized:0.0305; blocks.1.ln2_post.hook_normalized:0.0291; blocks.8.ln1_post.hook_normalized:-0.0264; blocks.4.ln2_post.hook_normalized:0.0254; blocks.3.ln1_post.hook_normalized:0.0249; blocks.14.ln2_post.hook_normalized:0.0189; blocks.4.ln1_post.hook_normalized:0.0165; blocks.16.ln1_post.hook_normalized:0.0150; blocks.11.ln1_post.hook_normalized:0.0143; blocks.7.ln1_post.hook_normalized:0.0142; blocks.9.ln1_post.hook_normalized:-0.0136; blocks.0.ln2_post.hook_normalized:0.0098; blocks.12.ln2_post.hook_normalized:-0.0079; blocks.18.ln1_post.hook_normalized:0.0073; blocks.1.ln1_post.hook_normalized:-0.0063; blocks.2.ln1_post.hook_normalized:-0.0063; blocks.12.ln1_post.hook_normalized:-0.0061; blocks.14.ln1_post.hook_normalized:-0.0060; blocks.19.ln1_post.hook_normalized:-0.0056; blocks.5.ln1_post.hook_normalized:-0.0037; blocks.13.ln1_post.hook_normalized:-0.0021; blocks.6.ln1_post.hook_normalized:0.0016; blocks.10.ln1_post.hook_normalized:0.0014; blocks.9.ln2_post.hook_normalized:-0.0014; blocks.2.ln2_post.hook_normalized:0.0010; blocks.5.ln2_post.hook_normalized:-0.0008; blocks.16.ln2_post.hook_normalized:0.0005; blocks.19.ln2_post.hook_normalized:-0.0003; blocks.15.ln1_post.hook_normalized:-0.0002
gemma2,6832,-1,lars,negative,0.6623873677874283,,blocks.3.ln2_post.hook_normalized:3.6635; blocks.20.ln2_post.hook_normalized:4.6035; blocks.6.ln1_post.hook_normalized:6.8465; blocks.18.ln2_post.hook_normalized:4.3114; blocks.0.ln1_post.hook_normalized:2.2586; blocks.14.ln2_post.hook_normalized:0.5191; blocks.19.ln2_post.hook_normalized:0.2118; blocks.11.ln2_post.hook_normalized:0.0000; blocks.8.ln2_post.hook_normalized:0.0000; blocks.6.ln2_post.hook_normalized:0.0000; blocks.12.ln2_post.hook_normalized:0.0000; blocks.13.ln1_post.hook_normalized:0.0000; blocks.17.ln2_post.hook_normalized:0.0000; blocks.13.ln2_post.hook_normalized:0.0000; blocks.16.ln2_post.hook_normalized:0.0000; blocks.15.ln2_post.hook_normalized:0.0000; blocks.9.ln2_post.hook_normalized:0.0000; blocks.7.ln1_post.hook_normalized:0.0000; blocks.7.ln2_post.hook_normalized:0.0000; blocks.0.hook_resid_post:0.0000; blocks.17.ln1_post.hook_normalized:0.0000; blocks.5.ln2_post.hook_normalized:0.0000; blocks.20.ln1_post.hook_normalized:0.0000; blocks.10.ln2_post.hook_normalized:0.0000; blocks.3.ln1_post.hook_normalized:0.0000; blocks.16.ln1_post.hook_normalized:0.0000; blocks.15.ln1_post.hook_normalized:0.0000; blocks.11.ln1_post.hook_normalized:0.0000; blocks.4.ln1_post.hook_normalized:0.0000; blocks.19.ln1_post.hook_normalized:0.0000; blocks.1.ln1_post.hook_normalized:0.0000; blocks.5.ln1_post.hook_normalized:0.0000; blocks.2.ln1_post.hook_normalized:0.0000; blocks.8.ln1_post.hook_normalized:0.0000; blocks.12.ln1_post.hook_normalized:0.0000; blocks.0.ln2_post.hook_normalized:0.0000; blocks.2.ln2_post.hook_normalized:0.0000; blocks.10.ln1_post.hook_normalized:0.0000; blocks.4.ln2_post.hook_normalized:0.0000; blocks.14.ln1_post.hook_normalized:0.0000; blocks.1.ln2_post.hook_normalized:0.0000; blocks.9.ln1_post.hook_normalized:0.0000; blocks.18.ln1_post.hook_normalized:0.0000
gemma2,6832,-1,lars,positive,0.6097336682642507,,blocks.3.ln2_post.hook_normalized:2.3215; blocks.20.ln2_post.hook_normalized:7.4065; blocks.6.ln1_post.hook_normalized:5.1486; blocks.18.ln2_post.hook_normalized:4.7991; blocks.9.ln2_post.hook_normalized:3.1233; blocks.19.ln2_post.hook_normalized:2.8730; blocks.12.ln2_post.hook_normalized:0.2868; blocks.0.ln1_post.hook_normalized:0.0000; blocks.11.ln2_post.hook_normalized:0.0000; blocks.7.ln1_post.hook_normalized:0.0000; blocks.13.ln1_post.hook_normalized:0.0000; blocks.15.ln2_post.hook_normalized:0.0000; blocks.0.hook_resid_post:0.0000; blocks.16.ln2_post.hook_normalized:0.0000; blocks.17.ln2_post.hook_normalized:0.0000; blocks.17.ln1_post.hook_normalized:0.0000; blocks.5.ln1_post.hook_normalized:0.0000; blocks.10.ln2_post.hook_normalized:0.0000; blocks.10.ln1_post.hook_normalized:0.0000; blocks.13.ln2_post.hook_normalized:0.0000; blocks.11.ln1_post.hook_normalized:0.0000; blocks.7.ln2_post.hook_normalized:0.0000; blocks.5.ln2_post.hook_normalized:0.0000; blocks.16.ln1_post.hook_normalized:0.0000; blocks.8.ln2_post.hook_normalized:0.0000; blocks.1.ln2_post.hook_normalized:0.0000; blocks.2.ln1_post.hook_normalized:0.0000; blocks.4.ln2_post.hook_normalized:0.0000; blocks.1.ln1_post.hook_normalized:0.0000; blocks.14.ln2_post.hook_normalized:0.0000; blocks.20.ln1_post.hook_normalized:0.0000; blocks.12.ln1_post.hook_normalized:0.0000; blocks.18.ln1_post.hook_normalized:0.0000; blocks.2.ln2_post.hook_normalized:0.0000; blocks.6.ln2_post.hook_normalized:0.0000; blocks.3.ln1_post.hook_normalized:0.0000; blocks.15.ln1_post.hook_normalized:0.0000; blocks.19.ln1_post.hook_normalized:0.0000; blocks.0.ln2_post.hook_normalized:0.0000; blocks.9.ln1_post.hook_normalized:0.0000; blocks.8.ln1_post.hook_normalized:0.0000; blocks.4.ln1_post.hook_normalized:0.0000; blocks.14.ln1_post.hook_normalized:0.0000
gemma2,6832,-2,lars,negative,0.26123511621999507,,blocks.3.ln2_post.hook_normalized:3.8515; blocks.6.ln1_post.hook_normalized:5.6257; blocks.20.ln2_post.hook_normalized:7.2517; blocks.18.ln2_post.hook_normalized:2.7707; blocks.17.ln1_post.hook_normalized:1.7304; blocks.8.ln2_post.hook_normalized:0.6773; blocks.19.ln2_post.hook_normalized:0.5235; blocks.6.ln2_post.hook_normalized:0.0000; blocks.14.ln2_post.hook_normalized:0.0000; blocks.15.ln2_post.hook_normalized:0.0000; blocks.13.ln1_post.hook_normalized:0.0000; blocks.12.ln2_post.hook_normalized:0.0000; blocks.0.ln1_post.hook_normalized:0.0000; blocks.11.ln2_post.hook_normalized:0.0000; blocks.0.hook_resid_post:0.0000; blocks.17.ln2_post.hook_normalized:0.0000; blocks.7.ln2_post.hook_normalized:0.0000; blocks.15.ln1_post.hook_normalized:0.0000; blocks.9.ln2_post.hook_normalized:0.0000; blocks.16.ln2_post.hook_normalized:0.0000; blocks.10.ln2_post.hook_normalized:0.0000; blocks.13.ln2_post.hook_normalized:0.0000; blocks.5.ln2_post.hook_normalized:0.0000; blocks.1.ln1_post.hook_normalized:0.0000; blocks.7.ln1_post.hook_normalized:0.0000; blocks.5.ln1_post.hook_normalized:0.0000; blocks.20.ln1_post.hook_normalized:0.0000; blocks.10.ln1_post.hook_normalized:0.0000; blocks.4.ln1_post.hook_normalized:0.0000; blocks.19.ln1_post.hook_normalized:0.0000; blocks.11.ln1_post.hook_normalized:0.0000; blocks.16.ln1_post.hook_normalized:0.0000; blocks.2.ln2_post.hook_normalized:0.0000; blocks.4.ln2_post.hook_normalized:0.0000; blocks.2.ln1_post.hook_normalized:0.0000; blocks.12.ln1_post.hook_normalized:0.0000; blocks.8.ln1_post.hook_normalized:0.0000; blocks.3.ln1_post.hook_normalized:0.0000; blocks.14.ln1_post.hook_normalized:0.0000; blocks.0.ln2_post.hook_normalized:0.0000; blocks.1.ln2_post.hook_normalized:0.0000; blocks.9.ln1_post.hook_normalized:0.0000; blocks.18.ln1_post.hook_normalized:0.0000
gemma2,6832,-2,lars,positive,0.2659520531561984,,blocks.6.ln1_post.hook_normalized:7.2098; blocks.3.ln2_post.hook_normalized:6.5859; blocks.20.ln2_post.hook_normalized:6.7822; blocks.0.ln1_post.hook_normalized:0.7683; blocks.9.ln2_post.hook_normalized:0.9600; blocks.15.ln1_post.hook_normalized:1.6505; blocks.8.ln2_post.hook_normalized:0.2581; blocks.17.ln1_post.hook_normalized:0.0000; blocks.0.ln2_post.hook_normalized:0.0000; blocks.16.ln2_post.hook_normalized:0.0000; blocks.13.ln2_post.hook_normalized:0.0000; blocks.7.ln2_post.hook_normalized:0.0000; blocks.0.hook_resid_post:0.0000; blocks.6.ln2_post.hook_normalized:0.0000; blocks.19.ln2_post.hook_normalized:0.0000; blocks.15.ln2_post.hook_normalized:0.0000; blocks.13.ln1_post.hook_normalized:0.0000; blocks.19.ln1_post.hook_normalized:0.0000; blocks.14.ln2_post.hook_normalized:0.0000; blocks.7.ln1_post.hook_normalized:0.0000; blocks.11.ln2_post.hook_normalized:0.0000; blocks.5.ln1_post.hook_normalized:0.0000; blocks.3.ln1_post.hook_normalized:0.0000; blocks.2.ln2_post.hook_normalized:0.0000; blocks.4.ln2_post.hook_normalized:0.0000; blocks.10.ln2_post.hook_normalized:0.0000; blocks.2.ln1_post.hook_normalized:0.0000; blocks.18.ln2_post.hook_normalized:0.0000; blocks.12.ln1_post.hook_normalized:0.0000; blocks.4.ln1_post.hook_normalized:0.0000; blocks.5.ln2_post.hook_normalized:0.0000; blocks.17.ln2_post.hook_normalized:0.0000; blocks.1.ln1_post.hook_normalized:0.0000; blocks.8.ln1_post.hook_normalized:0.0000; blocks.12.ln2_post.hook_normalized:0.0000; blocks.16.ln1_post.hook_normalized:0.0000; blocks.20.ln1_post.hook_normalized:0.0000; blocks.11.ln1_post.hook_normalized:0.0000; blocks.14.ln1_post.hook_normalized:0.0000; blocks.9.ln1_post.hook_normalized:0.0000; blocks.18.ln1_post.hook_normalized:0.0000; blocks.1.ln2_post.hook_normalized:0.0000; blocks.10.ln1_post.hook_normalized:0.0000
gemma2,6832,-3,lars,negative,0.5795356644639489,,blocks.3.ln2_post.hook_normalized:3.4975; blocks.6.ln1_post.hook_normalized:5.0827; blocks.20.ln2_post.hook_normalized:5.7992; blocks.0.hook_resid_post:0.2022; blocks.18.ln2_post.hook_normalized:6.3325; blocks.17.ln1_post.hook_normalized:2.4481; blocks.19.ln2_post.hook_normalized:2.0620; blocks.0.ln1_post.hook_normalized:0.0000; blocks.14.ln2_post.hook_normalized:0.0000; blocks.6.ln2_post.hook_normalized:0.0000; blocks.13.ln1_post.hook_normalized:0.0000; blocks.11.ln2_post.hook_normalized:0.0000; blocks.16.ln2_post.hook_normalized:0.0000; blocks.8.ln2_post.hook_normalized:0.0000; blocks.15.ln2_post.hook_normalized:0.0000; blocks.5.ln2_post.hook_normalized:0.0000; blocks.9.ln2_post.hook_normalized:0.0000; blocks.15.ln1_post.hook_normalized:0.0000; blocks.1.ln1_post.hook_normalized:0.0000; blocks.13.ln2_post.hook_normalized:0.0000; blocks.10.ln2_post.hook_normalized:0.0000; blocks.7.ln2_post.hook_normalized:0.0000; blocks.10.ln1_post.hook_normalized:0.0000; blocks.17.ln2_post.hook_normalized:0.0000; blocks.12.ln2_post.hook_normalized:0.0000; blocks.4.ln1_post.hook_normalized:0.0000; blocks.20.ln1_post.hook_normalized:0.0000; blocks.7.ln1_post.hook_normalized:0.0000; blocks.5.ln1_post.hook_normalized:0.0000; blocks.19.ln1_post.hook_normalized:0.0000; blocks.3.ln1_post.hook_normalized:0.0000; blocks.4.ln2_post.hook_normalized:0.0000; blocks.14.ln1_post.hook_normalized:0.0000; blocks.2.ln1_post.hook_normalized:0.0000; blocks.11.ln1_post.hook_normalized:0.0000; blocks.0.ln2_post.hook_normalized:0.0000; blocks.1.ln2_post.hook_normalized:0.0000; blocks.18.ln1_post.hook_normalized:0.0000; blocks.8.ln1_post.hook_normalized:0.0000; blocks.2.ln2_post.hook_normalized:0.0000; blocks.12.ln1_post.hook_normalized:0.0000; blocks.16.ln1_post.hook_normalized:0.0000; blocks.9.ln1_post.hook_normalized:0.0000
gemma2,6832,-3,lars,positive,-2.3220409906398816,,blocks.0.hook_resid_post:5.4472; blocks.6.ln1_post.hook_normalized:9.6744; blocks.16.ln2_post.hook_normalized:15.9626; blocks.11.ln2_post.hook_normalized:11.7845; blocks.10.ln2_post.hook_normalized:8.2976; blocks.13.ln2_post.hook_normalized:8.6875; blocks.9.ln2_post.hook_normalized:4.3607; blocks.15.ln1_post.hook_normalized:0.0000; blocks.17.ln2_post.hook_normalized:0.0000; blocks.15.ln2_post.hook_normalized:0.0000; blocks.0.ln1_post.hook_normalized:0.0000; blocks.5.ln2_post.hook_normalized:0.0000; blocks.1.ln2_post.hook_normalized:0.0000; blocks.4.ln2_post.hook_normalized:0.0000; blocks.2.ln1_post.hook_normalized:0.0000; blocks.2.ln2_post.hook_normalized:0.0000; blocks.19.ln2_post.hook_normalized:0.0000; blocks.4.ln1_post.hook_normalized:0.0000; blocks.1.ln1_post.hook_normalized:0.0000; blocks.6.ln2_post.hook_normalized:0.0000; blocks.20.ln2_post.hook_normalized:0.0000; blocks.14.ln2_post.hook_normalized:0.0000; blocks.7.ln2_post.hook_normalized:0.0000; blocks.18.ln2_post.hook_normalized:0.0000; blocks.12.ln1_post.hook_normalized:0.0000; blocks.8.ln2_post.hook_normalized:0.0000; blocks.14.ln1_post.hook_normalized:0.0000; blocks.7.ln1_post.hook_normalized:0.0000; blocks.3.ln2_post.hook_normalized:0.0000; blocks.5.ln1_post.hook_normalized:0.0000; blocks.12.ln2_post.hook_normalized:0.0000; blocks.19.ln1_post.hook_normalized:0.0000; blocks.18.ln1_post.hook_normalized:0.0000; blocks.0.ln2_post.hook_normalized:0.0000; blocks.11.ln1_post.hook_normalized:0.0000; blocks.9.ln1_post.hook_normalized:0.0000; blocks.16.ln1_post.hook_normalized:0.0000; blocks.13.ln1_post.hook_normalized:0.0000; blocks.20.ln1_post.hook_normalized:0.0000; blocks.10.ln1_post.hook_normalized:0.0000; blocks.17.ln1_post.hook_normalized:0.0000; blocks.3.ln1_post.hook_normalized:0.0000; blocks.8.ln1_post.hook_normalized:0.0000
gemma2,6832,-1,diff,pos-vs-neg,,,blocks.20.hook_resid_post:4.7130; blocks.0.hook_resid_post:0.7711; blocks.0.ln2_post.hook_normalized:-0.5641; blocks.20.ln2_post.hook_normalized:-0.4939; blocks.9.ln1_post.hook_normalized:-0.4505; blocks.10.ln2_post.hook_normalized:-0.4181; blocks.8.ln2_post.hook_normalized:0.3602; blocks.15.ln2_post.hook_normalized:0.3173; blocks.11.ln1_post.hook_normalized:0.3002; blocks.19.ln2_post.hook_normalized:0.2997; blocks.12.ln2_post.hook_normalized:0.2694; blocks.13.ln1_post.hook_normalized:-0.2629; blocks.10.ln1_post.hook_normalized:-0.2580; blocks.1.ln2_post.hook_normalized:-0.2469; blocks.4.ln1_post.hook_normalized:0.2444; blocks.18.ln2_post.hook_normalized:0.2421; blocks.17.ln1_post.hook_normalized:-0.2199; blocks.7.ln1_post.hook_normalized:0.2087; blocks.16.ln1_post.hook_normalized:0.1974; blocks.5.ln2_post.hook_normalized:0.1974; blocks.2.ln2_post.hook_normalized:0.1933; blocks.11.ln2_post.hook_normalized:0.1870; blocks.4.ln2_post.hook_normalized:-0.1642; blocks.9.ln2_post.hook_normalized:0.1534; blocks.6.ln1_post.hook_normalized:0.1514; blocks.1.ln1_post.hook_normalized:0.1344; blocks.5.ln1_post.hook_normalized:0.1256; blocks.13.ln2_post.hook_normalized:-0.1228; blocks.6.ln2_post.hook_normalized:-0.1170; blocks.14.ln2_post.hook_normalized:-0.1101; blocks.8.ln1_post.hook_normalized:-0.1079; blocks.19.ln1_post.hook_normalized:-0.0987; blocks.20.ln1_post.hook_normalized:0.0964; blocks.0.ln1_post.hook_normalized:-0.0955; blocks.2.ln1_post.hook_normalized:0.0866; blocks.16.ln2_post.hook_normalized:0.0818; blocks.18.ln1_post.hook_normalized:0.0812; blocks.3.ln1_post.hook_normalized:0.0741; blocks.12.ln1_post.hook_normalized:0.0704; blocks.15.ln1_post.hook_normalized:-0.0500; blocks.3.ln2_post.hook_normalized:-0.0457; blocks.17.ln2_post.hook_normalized:-0.0403; blocks.14.ln1_post.hook_normalized:-0.0316; blocks.7.ln2_post.hook_normalized:-0.0093
gemma2,6832,-2,diff,pos-vs-neg,,,blocks.20.hook_resid_post:10.0234; blocks.0.hook_resid_post:-1.0207; blocks.0.ln1_post.hook_normalized:0.7145; blocks.9.ln1_post.hook_normalized:-0.7047; blocks.8.ln2_post.hook_normalized:0.5900; blocks.11.ln2_post.hook_normalized:0.5865; blocks.10.ln1_post.hook_normalized:-0.3838; blocks.15.ln2_post.hook_normalized:0.3730; blocks.19.ln2_post.hook_normalized:0.3545; blocks.9.ln2_post.hook_normalized:0.3403; blocks.20.ln2_post.hook_normalized:0.3199; blocks.4.ln1_post.hook_normalized:0.3193; blocks.13.ln1_post.hook_normalized:-0.3181; blocks.3.ln2_post.hook_normalized:-0.3091; blocks.4.ln2_post.hook_normalized:0.2973; blocks.6.ln2_post.hook_normalized:0.2867; blocks.6.ln1_post.hook_normalized:0.2791; blocks.13.ln2_post.hook_normalized:0.2673; blocks.17.ln1_post.hook_normalized:0.2560; blocks.12.ln2_post.hook_normalized:0.2416; blocks.14.ln2_post.hook_normalized:0.2158; blocks.2.ln2_post.hook_normalized:0.2031; blocks.18.ln1_post.hook_normalized:-0.1976; blocks.1.ln2_post.hook_normalized:0.1951; blocks.11.ln1_post.hook_normalized:-0.1924; blocks.7.ln1_post.hook_normalized:-0.1903; blocks.3.ln1_post.hook_normalized:-0.1898; blocks.0.ln2_post.hook_normalized:0.1876; blocks.14.ln1_post.hook_normalized:-0.1795; blocks.10.ln2_post.hook_normalized:-0.1793; blocks.17.ln2_post.hook_normalized:0.1755; blocks.20.ln1_post.hook_normalized:0.1704; blocks.15.ln1_post.hook_normalized:-0.1641; blocks.16.ln2_post.hook_normalized:0.1327; blocks.8.ln1_post.hook_normalized:-0.1257; blocks.12.ln1_post.hook_normalized:-0.1211; blocks.16.ln1_post.hook_normalized:-0.1139; blocks.7.ln2_post.hook_normalized:0.1096; blocks.5.ln2_post.hook_normalized:0.1034; blocks.19.ln1_post.hook_normalized:-0.0834; blocks.1.ln1_post.hook_normalized:-0.0618; blocks.5.ln1_post.hook_normalized:0.0565; blocks.2.ln1_post.hook_normalized:0.0217; blocks.18.ln2_post.hook_normalized:0.0170
gemma2,6832,-3,diff,pos-vs-neg,,,blocks.20.hook_resid_post:19.9989; blocks.0.ln1_post.hook_normalized:0.7663; blocks.9.ln1_post.hook_normalized:-0.5864; blocks.8.ln2_post.hook_normalized:0.5634; blocks.17.ln2_post.hook_normalized:0.5565; blocks.9.ln2_post.hook_normalized:0.4977; blocks.14.ln2_post.hook_normalized:0.4744; blocks.18.ln2_post.hook_normalized:0.4630; blocks.11.ln2_post.hook_normalized:0.4163; blocks.17.ln1_post.hook_normalized:0.4133; blocks.15.ln2_post.hook_normalized:0.4107; blocks.19.ln2_post.hook_normalized:0.3657; blocks.4.ln1_post.hook_normalized:0.3552; blocks.7.ln2_post.hook_normalized:0.3255; blocks.0.hook_resid_post:0.3200; blocks.5.ln2_post.hook_normalized:0.3132; blocks.16.ln2_post.hook_normalized:0.3068; blocks.20.ln2_post.hook_normalized:0.2777; blocks.6.ln1_post.hook_normalized:0.2694; blocks.13.ln1_post.hook_normalized:-0.2635; blocks.10.ln2_post.hook_normalized:-0.2578; blocks.3.ln1_post.hook_normalized:0.2263; blocks.8.ln1_post.hook_normalized:-0.2151; blocks.11.ln1_post.hook_normalized:-0.2091; blocks.10.ln1_post.hook_normalized:-0.1918; blocks.1.ln1_post.hook_normalized:0.1784; blocks.12.ln2_post.hook_normalized:0.1701; blocks.6.ln2_post.hook_normalized:0.1452; blocks.0.ln2_post.hook_normalized:0.1338; blocks.1.ln2_post.hook_normalized:-0.1242; blocks.20.ln1_post.hook_normalized:0.1237; blocks.2.ln2_post.hook_normalized:0.1142; blocks.7.ln1_post.hook_normalized:-0.1105; blocks.16.ln1_post.hook_normalized:-0.1064; blocks.4.ln2_post.hook_normalized:0.0741; blocks.18.ln1_post.hook_normalized:-0.0704; blocks.2.ln1_post.hook_normalized:-0.0660; blocks.3.ln2_post.hook_normalized:0.0434; blocks.15.ln1_post.hook_normalized:0.0369; blocks.13.ln2_post.hook_normalized:-0.0306; blocks.19.ln1_post.hook_normalized:0.0221; blocks.5.ln1_post.hook_normalized:0.0213; blocks.12.ln1_post.hook_normalized:0.0154; blocks.14.ln1_post.hook_normalized:-0.0113
gemma2,6832,-1,Component Similarities,All,,,blocks.20.ln2_post.hook_normalized:-0.0723; blocks.0.hook_resid_post:0.0693; blocks.0.ln2_post.hook_normalized:-0.0527; blocks.17.ln1_post.hook_normalized:-0.0513; blocks.20.hook_resid_post:0.0437; blocks.8.ln2_post.hook_normalized:0.0344; blocks.10.ln2_post.hook_normalized:-0.0327; blocks.2.ln2_post.hook_normalized:0.0325; blocks.4.ln1_post.hook_normalized:0.0317; blocks.9.ln1_post.hook_normalized:-0.0306; blocks.20.ln1_post.hook_normalized:0.0297; blocks.15.ln2_post.hook_normalized:0.0295; blocks.1.ln2_post.hook_normalized:-0.0287; blocks.6.ln1_post.hook_normalized:-0.0286; blocks.10.ln1_post.hook_normalized:-0.0266; blocks.5.ln2_post.hook_normalized:0.0262; blocks.18.ln2_post.hook_normalized:0.0259; blocks.13.ln1_post.hook_normalized:-0.0249; blocks.16.ln1_post.hook_normalized:0.0226; blocks.4.ln2_post.hook_normalized:-0.0214; blocks.12.ln2_post.hook_normalized:0.0210; blocks.19.ln2_post.hook_normalized:0.0197; blocks.11.ln1_post.hook_normalized:0.0186; blocks.2.ln1_post.hook_normalized:0.0150; blocks.11.ln2_post.hook_normalized:0.0148; blocks.6.ln2_post.hook_normalized:-0.0147; blocks.7.ln1_post.hook_normalized:0.0146; blocks.18.ln1_post.hook_normalized:0.0131; blocks.1.ln1_post.hook_normalized:0.0109; blocks.14.ln2_post.hook_normalized:-0.0099; blocks.8.ln1_post.hook_normalized:-0.0096; blocks.5.ln1_post.hook_normalized:0.0094; blocks.19.ln1_post.hook_normalized:-0.0086; blocks.13.ln2_post.hook_normalized:-0.0078; blocks.16.ln2_post.hook_normalized:0.0071; blocks.15.ln1_post.hook_normalized:-0.0067; blocks.3.ln2_post.hook_normalized:-0.0064; blocks.14.ln1_post.hook_normalized:-0.0063; blocks.17.ln2_post.hook_normalized:-0.0052; blocks.0.ln1_post.hook_normalized:-0.0046; blocks.12.ln1_post.hook_normalized:0.0032; blocks.3.ln1_post.hook_normalized:0.0029; blocks.9.ln2_post.hook_normalized:0.0023; blocks.7.ln2_post.hook_normalized:0.0000
gemma2,6832,-2,Component Similarities,All,,,blocks.20.hook_resid_post:0.1260; blocks.3.ln2_post.hook_normalized:-0.0776; blocks.0.hook_resid_post:-0.0649; blocks.8.ln2_post.hook_normalized:0.0640; blocks.0.ln1_post.hook_normalized:0.0522; blocks.11.ln2_post.hook_normalized:0.0515; blocks.15.ln2_post.hook_normalized:0.0505; blocks.9.ln1_post.hook_normalized:-0.0454; blocks.4.ln2_post.hook_normalized:0.0422; blocks.4.ln1_post.hook_normalized:0.0420; blocks.20.ln1_post.hook_normalized:0.0405; blocks.13.ln1_post.hook_normalized:-0.0391; blocks.20.ln2_post.hook_normalized:0.0359; blocks.10.ln1_post.hook_normalized:-0.0356; blocks.2.ln2_post.hook_normalized:0.0347; blocks.19.ln2_post.hook_normalized:0.0337; blocks.18.ln1_post.hook_normalized:-0.0325; blocks.6.ln2_post.hook_normalized:0.0317; blocks.9.ln2_post.hook_normalized:0.0291; blocks.1.ln2_post.hook_normalized:0.0284; blocks.17.ln2_post.hook_normalized:0.0284; blocks.14.ln1_post.hook_normalized:-0.0271; blocks.3.ln1_post.hook_normalized:-0.0231; blocks.15.ln1_post.hook_normalized:-0.0222; blocks.17.ln1_post.hook_normalized:0.0220; blocks.12.ln2_post.hook_normalized:0.0209; blocks.13.ln2_post.hook_normalized:0.0206; blocks.14.ln2_post.hook_normalized:0.0206; blocks.8.ln1_post.hook_normalized:-0.0186; blocks.16.ln1_post.hook_normalized:-0.0182; blocks.0.ln2_post.hook_normalized:0.0177; blocks.10.ln2_post.hook_normalized:-0.0143; blocks.7.ln1_post.hook_normalized:-0.0136; blocks.16.ln2_post.hook_normalized:0.0134; blocks.7.ln2_post.hook_normalized:0.0129; blocks.5.ln2_post.hook_normalized:0.0128; blocks.11.ln1_post.hook_normalized:-0.0123; blocks.6.ln1_post.hook_normalized:-0.0104; blocks.12.ln1_post.hook_normalized:-0.0094; blocks.1.ln1_post.hook_normalized:-0.0073; blocks.2.ln1_post.hook_normalized:-0.0073; blocks.19.ln1_post.hook_normalized:-0.0056; blocks.5.ln1_post.hook_normalized:0.0038; blocks.18.ln2_post.hook_normalized:0.0021
gemma2,6832,-3,Component Similarities,All,,,blocks.20.hook_resid_post:0.1953; blocks.17.ln2_post.hook_normalized:0.0835; blocks.0.ln1_post.hook_normalized:0.0723; blocks.18.ln2_post.hook_normalized:0.0713; blocks.8.ln2_post.hook_normalized:0.0625; blocks.15.ln2_post.hook_normalized:0.0591; blocks.14.ln2_post.hook_normalized:0.0588; blocks.9.ln2_post.hook_normalized:0.0500; blocks.4.ln1_post.hook_normalized:0.0479; blocks.5.ln2_post.hook_normalized:0.0476; blocks.17.ln1_post.hook_normalized:0.0471; blocks.7.ln2_post.hook_normalized:0.0461; blocks.11.ln2_post.hook_normalized:0.0442; blocks.9.ln1_post.hook_normalized:-0.0427; blocks.20.ln2_post.hook_normalized:0.0374; blocks.16.ln2_post.hook_normalized:0.0354; blocks.20.ln1_post.hook_normalized:0.0347; blocks.8.ln1_post.hook_normalized:-0.0320; blocks.19.ln2_post.hook_normalized:0.0312; blocks.2.ln2_post.hook_normalized:0.0297; blocks.3.ln1_post.hook_normalized:0.0294; blocks.13.ln1_post.hook_normalized:-0.0282; blocks.10.ln2_post.hook_normalized:-0.0276; blocks.0.hook_resid_post:0.0240; blocks.10.ln1_post.hook_normalized:-0.0216; blocks.19.ln1_post.hook_normalized:0.0211; blocks.6.ln2_post.hook_normalized:0.0210; blocks.0.ln2_post.hook_normalized:0.0205; blocks.2.ln1_post.hook_normalized:-0.0197; blocks.18.ln1_post.hook_normalized:-0.0188; blocks.12.ln2_post.hook_normalized:0.0183; blocks.16.ln1_post.hook_normalized:-0.0178; blocks.1.ln1_post.hook_normalized:0.0161; blocks.11.ln1_post.hook_normalized:-0.0160; blocks.4.ln2_post.hook_normalized:0.0135; blocks.1.ln2_post.hook_normalized:-0.0081; blocks.3.ln2_post.hook_normalized:-0.0076; blocks.7.ln1_post.hook_normalized:-0.0070; blocks.15.ln1_post.hook_normalized:0.0067; blocks.14.ln1_post.hook_normalized:-0.0021; blocks.13.ln2_post.hook_normalized:-0.0020; blocks.12.ln1_post.hook_normalized:-0.0017; blocks.6.ln1_post.hook_normalized:0.0010; blocks.5.ln1_post.hook_normalized:0.0009
gemma2,4086,-1,lars,negative,0.6118208829427666,,blocks.20.ln2_post.hook_normalized:6.0950; blocks.6.ln1_post.hook_normalized:6.3594; blocks.0.ln1_post.hook_normalized:2.2924; blocks.18.ln2_post.hook_normalized:2.5341; blocks.11.ln1_post.hook_normalized:1.7441; blocks.7.ln1_post.hook_normalized:1.9831; blocks.8.ln2_post.hook_normalized:0.7110; blocks.12.ln2_post.hook_normalized:0.0000; blocks.13.ln1_post.hook_normalized:0.0000; blocks.6.ln2_post.hook_normalized:0.0000; blocks.19.ln2_post.hook_normalized:0.0000; blocks.14.ln2_post.hook_normalized:0.0000; blocks.17.ln2_post.hook_normalized:0.0000; blocks.11.ln2_post.hook_normalized:0.0000; blocks.16.ln2_post.hook_normalized:0.0000; blocks.9.ln2_post.hook_normalized:0.0000; blocks.16.ln1_post.hook_normalized:0.0000; blocks.20.ln1_post.hook_normalized:0.0000; blocks.0.hook_resid_post:0.0000; blocks.7.ln2_post.hook_normalized:0.0000; blocks.13.ln2_post.hook_normalized:0.0000; blocks.3.ln1_post.hook_normalized:0.0000; blocks.4.ln1_post.hook_normalized:0.0000; blocks.2.ln2_post.hook_normalized:0.0000; blocks.10.ln2_post.hook_normalized:0.0000; blocks.3.ln2_post.hook_normalized:0.0000; blocks.15.ln1_post.hook_normalized:0.0000; blocks.5.ln2_post.hook_normalized:0.0000; blocks.5.ln1_post.hook_normalized:0.0000; blocks.15.ln2_post.hook_normalized:0.0000; blocks.1.ln1_post.hook_normalized:0.0000; blocks.8.ln1_post.hook_normalized:0.0000; blocks.19.ln1_post.hook_normalized:0.0000; blocks.17.ln1_post.hook_normalized:0.0000; blocks.18.ln1_post.hook_normalized:0.0000; blocks.1.ln2_post.hook_normalized:0.0000; blocks.10.ln1_post.hook_normalized:0.0000; blocks.12.ln1_post.hook_normalized:0.0000; blocks.14.ln1_post.hook_normalized:0.0000; blocks.4.ln2_post.hook_normalized:0.0000; blocks.0.ln2_post.hook_normalized:0.0000; blocks.2.ln1_post.hook_normalized:0.0000; blocks.9.ln1_post.hook_normalized:0.0000
gemma2,4086,-1,lars,positive,0.31631470803278405,,blocks.20.ln2_post.hook_normalized:8.0732; blocks.0.hook_resid_post:-3.0473; blocks.6.ln1_post.hook_normalized:5.5991; blocks.11.ln1_post.hook_normalized:2.5920; blocks.7.ln1_post.hook_normalized:3.4350; blocks.16.ln2_post.hook_normalized:1.3137; blocks.13.ln1_post.hook_normalized:1.1215; blocks.9.ln2_post.hook_normalized:0.0000; blocks.20.ln1_post.hook_normalized:0.0000; blocks.1.ln2_post.hook_normalized:0.0000; blocks.17.ln2_post.hook_normalized:0.0000; blocks.6.ln2_post.hook_normalized:0.0000; blocks.4.ln2_post.hook_normalized:0.0000; blocks.5.ln2_post.hook_normalized:0.0000; blocks.16.ln1_post.hook_normalized:0.0000; blocks.17.ln1_post.hook_normalized:0.0000; blocks.0.ln2_post.hook_normalized:0.0000; blocks.10.ln1_post.hook_normalized:0.0000; blocks.15.ln2_post.hook_normalized:0.0000; blocks.12.ln2_post.hook_normalized:0.0000; blocks.19.ln2_post.hook_normalized:0.0000; blocks.18.ln1_post.hook_normalized:0.0000; blocks.8.ln1_post.hook_normalized:0.0000; blocks.10.ln2_post.hook_normalized:0.0000; blocks.9.ln1_post.hook_normalized:0.0000; blocks.8.ln2_post.hook_normalized:0.0000; blocks.19.ln1_post.hook_normalized:0.0000; blocks.4.ln1_post.hook_normalized:0.0000; blocks.2.ln1_post.hook_normalized:0.0000; blocks.0.ln1_post.hook_normalized:0.0000; blocks.3.ln1_post.hook_normalized:0.0000; blocks.11.ln2_post.hook_normalized:0.0000; blocks.13.ln2_post.hook_normalized:0.0000; blocks.15.ln1_post.hook_normalized:0.0000; blocks.14.ln1_post.hook_normalized:0.0000; blocks.12.ln1_post.hook_normalized:0.0000; blocks.18.ln2_post.hook_normalized:0.0000; blocks.7.ln2_post.hook_normalized:0.0000; blocks.3.ln2_post.hook_normalized:0.0000; blocks.5.ln1_post.hook_normalized:0.0000; blocks.2.ln2_post.hook_normalized:0.0000; blocks.1.ln1_post.hook_normalized:0.0000; blocks.14.ln2_post.hook_normalized:0.0000
gemma2,4086,-2,lars,negative,0.36406101761768395,,blocks.20.ln2_post.hook_normalized:8.0627; blocks.6.ln1_post.hook_normalized:5.8127; blocks.0.hook_resid_post:0.5290; blocks.18.ln2_post.hook_normalized:1.9931; blocks.8.ln2_post.hook_normalized:1.0572; blocks.20.ln1_post.hook_normalized:2.4870; blocks.17.ln1_post.hook_normalized:0.3571; blocks.3.ln2_post.hook_normalized:0.0000; blocks.5.ln2_post.hook_normalized:0.0000; blocks.19.ln2_post.hook_normalized:0.0000; blocks.4.ln1_post.hook_normalized:0.0000; blocks.0.ln1_post.hook_normalized:0.0000; blocks.11.ln2_post.hook_normalized:0.0000; blocks.6.ln2_post.hook_normalized:0.0000; blocks.13.ln1_post.hook_normalized:0.0000; blocks.15.ln1_post.hook_normalized:0.0000; blocks.11.ln1_post.hook_normalized:0.0000; blocks.17.ln2_post.hook_normalized:0.0000; blocks.7.ln1_post.hook_normalized:0.0000; blocks.9.ln2_post.hook_normalized:0.0000; blocks.12.ln2_post.hook_normalized:0.0000; blocks.14.ln2_post.hook_normalized:0.0000; blocks.16.ln2_post.hook_normalized:0.0000; blocks.10.ln2_post.hook_normalized:0.0000; blocks.15.ln2_post.hook_normalized:0.0000; blocks.16.ln1_post.hook_normalized:0.0000; blocks.13.ln2_post.hook_normalized:0.0000; blocks.5.ln1_post.hook_normalized:0.0000; blocks.1.ln1_post.hook_normalized:0.0000; blocks.10.ln1_post.hook_normalized:0.0000; blocks.7.ln2_post.hook_normalized:0.0000; blocks.2.ln2_post.hook_normalized:0.0000; blocks.19.ln1_post.hook_normalized:0.0000; blocks.3.ln1_post.hook_normalized:0.0000; blocks.8.ln1_post.hook_normalized:0.0000; blocks.4.ln2_post.hook_normalized:0.0000; blocks.2.ln1_post.hook_normalized:0.0000; blocks.1.ln2_post.hook_normalized:0.0000; blocks.9.ln1_post.hook_normalized:0.0000; blocks.0.ln2_post.hook_normalized:0.0000; blocks.14.ln1_post.hook_normalized:0.0000; blocks.12.ln1_post.hook_normalized:0.0000; blocks.18.ln1_post.hook_normalized:0.0000
gemma2,4086,-2,lars,positive,0.3170803331893941,,blocks.20.ln2_post.hook_normalized:10.8270; blocks.3.ln2_post.hook_normalized:2.8860; blocks.0.hook_resid_post:0.7678; blocks.6.ln1_post.hook_normalized:3.2640; blocks.9.ln2_post.hook_normalized:2.7292; blocks.11.ln1_post.hook_normalized:1.3231; blocks.4.ln1_post.hook_normalized:0.1934; blocks.5.ln2_post.hook_normalized:0.0000; blocks.7.ln1_post.hook_normalized:0.0000; blocks.20.ln1_post.hook_normalized:0.0000; blocks.8.ln2_post.hook_normalized:0.0000; blocks.18.ln2_post.hook_normalized:0.0000; blocks.6.ln2_post.hook_normalized:0.0000; blocks.10.ln2_post.hook_normalized:0.0000; blocks.12.ln2_post.hook_normalized:0.0000; blocks.17.ln2_post.hook_normalized:0.0000; blocks.1.ln1_post.hook_normalized:0.0000; blocks.16.ln2_post.hook_normalized:0.0000; blocks.19.ln2_post.hook_normalized:0.0000; blocks.13.ln1_post.hook_normalized:0.0000; blocks.17.ln1_post.hook_normalized:0.0000; blocks.0.ln1_post.hook_normalized:0.0000; blocks.0.ln2_post.hook_normalized:0.0000; blocks.7.ln2_post.hook_normalized:0.0000; blocks.15.ln1_post.hook_normalized:0.0000; blocks.13.ln2_post.hook_normalized:0.0000; blocks.16.ln1_post.hook_normalized:0.0000; blocks.12.ln1_post.hook_normalized:0.0000; blocks.11.ln2_post.hook_normalized:0.0000; blocks.1.ln2_post.hook_normalized:0.0000; blocks.4.ln2_post.hook_normalized:0.0000; blocks.8.ln1_post.hook_normalized:0.0000; blocks.18.ln1_post.hook_normalized:0.0000; blocks.3.ln1_post.hook_normalized:0.0000; blocks.2.ln2_post.hook_normalized:0.0000; blocks.2.ln1_post.hook_normalized:0.0000; blocks.19.ln1_post.hook_normalized:0.0000; blocks.9.ln1_post.hook_normalized:0.0000; blocks.10.ln1_post.hook_normalized:0.0000; blocks.14.ln1_post.hook_normalized:0.0000; blocks.5.ln1_post.hook_normalized:0.0000; blocks.14.ln2_post.hook_normalized:0.0000; blocks.15.ln2_post.hook_normalized:0.0000
gemma2,4086,-3,lars,negative,0.5207974198738825,,blocks.20.ln2_post.hook_normalized:9.6088; blocks.0.hook_resid_post:1.4234; blocks.6.ln1_post.hook_normalized:4.4214; blocks.18.ln2_post.hook_normalized:4.5038; blocks.0.ln1_post.hook_normalized:1.0751; blocks.20.ln1_post.hook_normalized:1.7651; blocks.17.ln1_post.hook_normalized:0.1779; blocks.8.ln2_post.hook_normalized:0.0000; blocks.5.ln2_post.hook_normalized:0.0000; blocks.17.ln2_post.hook_normalized:0.0000; blocks.4.ln1_post.hook_normalized:0.0000; blocks.16.ln2_post.hook_normalized:0.0000; blocks.7.ln1_post.hook_normalized:0.0000; blocks.19.ln2_post.hook_normalized:0.0000; blocks.6.ln2_post.hook_normalized:0.0000; blocks.13.ln1_post.hook_normalized:0.0000; blocks.9.ln2_post.hook_normalized:0.0000; blocks.11.ln2_post.hook_normalized:0.0000; blocks.15.ln1_post.hook_normalized:0.0000; blocks.3.ln2_post.hook_normalized:0.0000; blocks.15.ln2_post.hook_normalized:0.0000; blocks.11.ln1_post.hook_normalized:0.0000; blocks.10.ln2_post.hook_normalized:0.0000; blocks.14.ln2_post.hook_normalized:0.0000; blocks.16.ln1_post.hook_normalized:0.0000; blocks.1.ln1_post.hook_normalized:0.0000; blocks.13.ln2_post.hook_normalized:0.0000; blocks.10.ln1_post.hook_normalized:0.0000; blocks.12.ln2_post.hook_normalized:0.0000; blocks.7.ln2_post.hook_normalized:0.0000; blocks.5.ln1_post.hook_normalized:0.0000; blocks.12.ln1_post.hook_normalized:0.0000; blocks.4.ln2_post.hook_normalized:0.0000; blocks.19.ln1_post.hook_normalized:0.0000; blocks.3.ln1_post.hook_normalized:0.0000; blocks.2.ln2_post.hook_normalized:0.0000; blocks.1.ln2_post.hook_normalized:0.0000; blocks.2.ln1_post.hook_normalized:0.0000; blocks.14.ln1_post.hook_normalized:0.0000; blocks.0.ln2_post.hook_normalized:0.0000; blocks.8.ln1_post.hook_normalized:0.0000; blocks.9.ln1_post.hook_normalized:0.0000; blocks.18.ln1_post.hook_normalized:0.0000
gemma2,4086,-3,lars,positive,0.6008666283122549,,blocks.20.ln2_post.hook_normalized:11.2639; blocks.0.hook_resid_post:1.7224; blocks.6.ln1_post.hook_normalized:3.6809; blocks.3.ln2_post.hook_normalized:3.2464; blocks.18.ln2_post.hook_normalized:3.0368; blocks.19.ln2_post.hook_normalized:3.0157; blocks.5.ln2_post.hook_normalized:0.2245; blocks.9.ln2_post.hook_normalized:0.0000; blocks.17.ln1_post.hook_normalized:0.0000; blocks.11.ln1_post.hook_normalized:0.0000; blocks.5.ln1_post.hook_normalized:0.0000; blocks.20.ln1_post.hook_normalized:0.0000; blocks.14.ln2_post.hook_normalized:0.0000; blocks.8.ln2_post.hook_normalized:0.0000; blocks.11.ln2_post.hook_normalized:0.0000; blocks.2.ln2_post.hook_normalized:0.0000; blocks.10.ln1_post.hook_normalized:0.0000; blocks.6.ln2_post.hook_normalized:0.0000; blocks.15.ln2_post.hook_normalized:0.0000; blocks.10.ln2_post.hook_normalized:0.0000; blocks.19.ln1_post.hook_normalized:0.0000; blocks.7.ln1_post.hook_normalized:0.0000; blocks.16.ln2_post.hook_normalized:0.0000; blocks.12.ln2_post.hook_normalized:0.0000; blocks.17.ln2_post.hook_normalized:0.0000; blocks.13.ln2_post.hook_normalized:0.0000; blocks.9.ln1_post.hook_normalized:0.0000; blocks.4.ln1_post.hook_normalized:0.0000; blocks.16.ln1_post.hook_normalized:0.0000; blocks.13.ln1_post.hook_normalized:0.0000; blocks.8.ln1_post.hook_normalized:0.0000; blocks.0.ln1_post.hook_normalized:0.0000; blocks.1.ln1_post.hook_normalized:0.0000; blocks.15.ln1_post.hook_normalized:0.0000; blocks.18.ln1_post.hook_normalized:0.0000; blocks.1.ln2_post.hook_normalized:0.0000; blocks.0.ln2_post.hook_normalized:0.0000; blocks.4.ln2_post.hook_normalized:0.0000; blocks.12.ln1_post.hook_normalized:0.0000; blocks.7.ln2_post.hook_normalized:0.0000; blocks.3.ln1_post.hook_normalized:0.0000; blocks.14.ln1_post.hook_normalized:0.0000
gemma2,4086,-1,diff,pos-vs-neg,,,blocks.20.hook_resid_post:6.7423; blocks.0.hook_resid_post:1.8165; blocks.7.ln1_post.hook_normalized:0.9927; blocks.11.ln1_post.hook_normalized:0.9858; blocks.16.ln1_post.hook_normalized:0.7472; blocks.1.ln2_post.hook_normalized:-0.5940; blocks.1.ln1_post.hook_normalized:0.5523; blocks.14.ln2_post.hook_normalized:-0.5400; blocks.0.ln1_post.hook_normalized:-0.4742; blocks.4.ln1_post.hook_normalized:0.4630; blocks.3.ln1_post.hook_normalized:0.4418; blocks.19.ln2_post.hook_normalized:0.4076; blocks.0.ln2_post.hook_normalized:-0.3948; blocks.20.ln2_post.hook_normalized:-0.3926; blocks.4.ln2_post.hook_normalized:-0.3908; blocks.17.ln1_post.hook_normalized:-0.3598; blocks.13.ln2_post.hook_normalized:-0.3309; blocks.13.ln1_post.hook_normalized:0.2910; blocks.10.ln1_post.hook_normalized:0.2677; blocks.9.ln1_post.hook_normalized:0.2674; blocks.5.ln1_post.hook_normalized:0.2550; blocks.15.ln1_post.hook_normalized:0.2155; blocks.19.ln1_post.hook_normalized:-0.2105; blocks.5.ln2_post.hook_normalized:0.1998; blocks.10.ln2_post.hook_normalized:-0.1815; blocks.6.ln2_post.hook_normalized:-0.1702; blocks.12.ln2_post.hook_normalized:-0.1501; blocks.9.ln2_post.hook_normalized:-0.1328; blocks.6.ln1_post.hook_normalized:0.1295; blocks.14.ln1_post.hook_normalized:-0.1130; blocks.18.ln1_post.hook_normalized:0.1121; blocks.16.ln2_post.hook_normalized:-0.1112; blocks.18.ln2_post.hook_normalized:0.1108; blocks.20.ln1_post.hook_normalized:0.0986; blocks.11.ln2_post.hook_normalized:0.0843; blocks.8.ln1_post.hook_normalized:0.0743; blocks.2.ln1_post.hook_normalized:0.0709; blocks.7.ln2_post.hook_normalized:0.0458; blocks.17.ln2_post.hook_normalized:-0.0412; blocks.8.ln2_post.hook_normalized:-0.0358; blocks.12.ln1_post.hook_normalized:0.0192; blocks.15.ln2_post.hook_normalized:0.0094; blocks.3.ln2_post.hook_normalized:0.0050; blocks.2.ln2_post.hook_normalized:-0.0033
gemma2,4086,-2,diff,pos-vs-neg,,,blocks.20.hook_resid_post:13.1056; blocks.0.ln1_post.hook_normalized:0.9598; blocks.11.ln2_post.hook_normalized:0.5192; blocks.4.ln1_post.hook_normalized:0.4414; blocks.16.ln1_post.hook_normalized:0.4357; blocks.6.ln1_post.hook_normalized:0.4268; blocks.8.ln2_post.hook_normalized:0.4044; blocks.0.ln2_post.hook_normalized:0.4014; blocks.5.ln1_post.hook_normalized:0.3979; blocks.11.ln1_post.hook_normalized:0.3880; blocks.0.hook_resid_post:-0.3833; blocks.6.ln2_post.hook_normalized:0.3539; blocks.7.ln1_post.hook_normalized:0.3509; blocks.1.ln1_post.hook_normalized:0.3171; blocks.2.ln2_post.hook_normalized:0.2969; blocks.15.ln1_post.hook_normalized:0.2775; blocks.20.ln1_post.hook_normalized:0.2515; blocks.17.ln1_post.hook_normalized:0.2471; blocks.7.ln2_post.hook_normalized:0.2425; blocks.14.ln2_post.hook_normalized:-0.2352; blocks.15.ln2_post.hook_normalized:0.2157; blocks.19.ln2_post.hook_normalized:0.2111; blocks.3.ln2_post.hook_normalized:-0.2109; blocks.9.ln2_post.hook_normalized:0.2066; blocks.1.ln2_post.hook_normalized:0.2046; blocks.4.ln2_post.hook_normalized:0.2028; blocks.10.ln2_post.hook_normalized:0.1781; blocks.13.ln1_post.hook_normalized:0.1708; blocks.20.ln2_post.hook_normalized:0.1631; blocks.19.ln1_post.hook_normalized:-0.1437; blocks.5.ln2_post.hook_normalized:0.1013; blocks.12.ln2_post.hook_normalized:-0.0967; blocks.13.ln2_post.hook_normalized:-0.0848; blocks.3.ln1_post.hook_normalized:0.0841; blocks.16.ln2_post.hook_normalized:-0.0776; blocks.10.ln1_post.hook_normalized:0.0720; blocks.2.ln1_post.hook_normalized:0.0684; blocks.8.ln1_post.hook_normalized:0.0639; blocks.14.ln1_post.hook_normalized:-0.0598; blocks.18.ln1_post.hook_normalized:0.0561; blocks.9.ln1_post.hook_normalized:-0.0454; blocks.17.ln2_post.hook_normalized:0.0400; blocks.18.ln2_post.hook_normalized:0.0240; blocks.12.ln1_post.hook_normalized:0.0065
gemma2,4086,-3,diff,pos-vs-neg,,,blocks.20.hook_resid_post:16.4383; blocks.0.ln1_post.hook_normalized:0.8482; blocks.4.ln1_post.hook_normalized:0.5527; blocks.11.ln1_post.hook_normalized:0.4831; blocks.16.ln1_post.hook_normalized:0.4500; blocks.8.ln2_post.hook_normalized:0.4254; blocks.5.ln1_post.hook_normalized:0.4200; blocks.1.ln1_post.hook_normalized:0.4186; blocks.7.ln1_post.hook_normalized:0.4031; blocks.18.ln2_post.hook_normalized:0.3586; blocks.19.ln2_post.hook_normalized:0.3364; blocks.20.ln1_post.hook_normalized:0.3241; blocks.11.ln2_post.hook_normalized:0.3164; blocks.17.ln2_post.hook_normalized:0.3136; blocks.3.ln1_post.hook_normalized:0.3113; blocks.17.ln1_post.hook_normalized:0.3081; blocks.15.ln2_post.hook_normalized:0.2904; blocks.6.ln2_post.hook_normalized:0.2754; blocks.1.ln2_post.hook_normalized:-0.2453; blocks.6.ln1_post.hook_normalized:0.2447; blocks.15.ln1_post.hook_normalized:0.2443; blocks.16.ln2_post.hook_normalized:0.2244; blocks.5.ln2_post.hook_normalized:0.2100; blocks.10.ln1_post.hook_normalized:0.1966; blocks.18.ln1_post.hook_normalized:0.1675; blocks.9.ln2_post.hook_normalized:0.1661; blocks.20.ln2_post.hook_normalized:0.1391; blocks.7.ln2_post.hook_normalized:0.1281; blocks.13.ln1_post.hook_normalized:0.1214; blocks.13.ln2_post.hook_normalized:0.1183; blocks.9.ln1_post.hook_normalized:0.1154; blocks.0.hook_resid_post:0.1135; blocks.4.ln2_post.hook_normalized:0.1119; blocks.0.ln2_post.hook_normalized:0.1036; blocks.19.ln1_post.hook_normalized:-0.1036; blocks.12.ln2_post.hook_normalized:0.0907; blocks.14.ln2_post.hook_normalized:-0.0900; blocks.8.ln1_post.hook_normalized:0.0886; blocks.2.ln1_post.hook_normalized:0.0753; blocks.2.ln2_post.hook_normalized:0.0478; blocks.10.ln2_post.hook_normalized:0.0415; blocks.14.ln1_post.hook_normalized:-0.0404; blocks.12.ln1_post.hook_normalized:0.0252; blocks.3.ln2_post.hook_normalized:-0.0019
gemma2,4086,-1,Component Similarities,All,,,blocks.0.hook_resid_post:0.1157; blocks.16.ln1_post.hook_normalized:0.0830; blocks.7.ln1_post.hook_normalized:0.0752; blocks.20.hook_resid_post:0.0742; blocks.20.ln2_post.hook_normalized:-0.0669; blocks.11.ln1_post.hook_normalized:0.0645; blocks.1.ln2_post.hook_normalized:-0.0625; blocks.17.ln1_post.hook_normalized:-0.0574; blocks.4.ln1_post.hook_normalized:0.0520; blocks.4.ln2_post.hook_normalized:-0.0481; blocks.14.ln2_post.hook_normalized:-0.0461; blocks.3.ln1_post.hook_normalized:0.0413; blocks.1.ln1_post.hook_normalized:0.0388; blocks.0.ln1_post.hook_normalized:-0.0330; blocks.15.ln1_post.hook_normalized:0.0309; blocks.13.ln1_post.hook_normalized:0.0302; blocks.20.ln1_post.hook_normalized:0.0267; blocks.13.ln2_post.hook_normalized:-0.0251; blocks.9.ln2_post.hook_normalized:-0.0248; blocks.0.ln2_post.hook_normalized:-0.0245; blocks.5.ln1_post.hook_normalized:0.0237; blocks.19.ln1_post.hook_normalized:-0.0234; blocks.18.ln1_post.hook_normalized:0.0228; blocks.6.ln1_post.hook_normalized:-0.0223; blocks.10.ln1_post.hook_normalized:0.0219; blocks.5.ln2_post.hook_normalized:0.0216; blocks.9.ln1_post.hook_normalized:0.0212; blocks.19.ln2_post.hook_normalized:0.0197; blocks.6.ln2_post.hook_normalized:-0.0179; blocks.10.ln2_post.hook_normalized:-0.0164; blocks.16.ln2_post.hook_normalized:-0.0152; blocks.2.ln1_post.hook_normalized:0.0146; blocks.18.ln2_post.hook_normalized:0.0145; blocks.12.ln2_post.hook_normalized:-0.0130; blocks.14.ln1_post.hook_normalized:-0.0125; blocks.8.ln1_post.hook_normalized:0.0115; blocks.3.ln2_post.hook_normalized:-0.0107; blocks.17.ln2_post.hook_normalized:-0.0059; blocks.11.ln2_post.hook_normalized:0.0057; blocks.7.ln2_post.hook_normalized:0.0049; blocks.8.ln2_post.hook_normalized:-0.0048; blocks.12.ln1_post.hook_normalized:0.0025; blocks.15.ln2_post.hook_normalized:0.0009; blocks.2.ln2_post.hook_normalized:0.0000
gemma2,4086,-2,Component Similarities,All,,,blocks.20.hook_resid_post:0.1670; blocks.0.ln1_post.hook_normalized:0.0674; blocks.3.ln2_post.hook_normalized:-0.0664; blocks.20.ln1_post.hook_normalized:0.0645; blocks.4.ln1_post.hook_normalized:0.0522; blocks.11.ln2_post.hook_normalized:0.0500; blocks.0.ln2_post.hook_normalized:0.0457; blocks.8.ln2_post.hook_normalized:0.0449; blocks.6.ln2_post.hook_normalized:0.0425; blocks.16.ln1_post.hook_normalized:0.0386; blocks.15.ln2_post.hook_normalized:0.0361; blocks.2.ln2_post.hook_normalized:0.0354; blocks.15.ln1_post.hook_normalized:0.0347; blocks.17.ln1_post.hook_normalized:0.0303; blocks.7.ln1_post.hook_normalized:0.0297; blocks.11.ln1_post.hook_normalized:0.0295; blocks.5.ln1_post.hook_normalized:0.0284; blocks.1.ln2_post.hook_normalized:0.0282; blocks.14.ln2_post.hook_normalized:-0.0275; blocks.0.hook_resid_post:-0.0254; blocks.7.ln2_post.hook_normalized:0.0250; blocks.4.ln2_post.hook_normalized:0.0249; blocks.1.ln1_post.hook_normalized:0.0239; blocks.6.ln1_post.hook_normalized:0.0237; blocks.10.ln2_post.hook_normalized:0.0190; blocks.13.ln1_post.hook_normalized:0.0164; blocks.5.ln2_post.hook_normalized:0.0134; blocks.9.ln2_post.hook_normalized:0.0114; blocks.12.ln2_post.hook_normalized:-0.0109; blocks.13.ln2_post.hook_normalized:-0.0104; blocks.19.ln1_post.hook_normalized:-0.0101; blocks.18.ln2_post.hook_normalized:0.0098; blocks.18.ln1_post.hook_normalized:0.0094; blocks.14.ln1_post.hook_normalized:-0.0093; blocks.3.ln1_post.hook_normalized:0.0064; blocks.16.ln2_post.hook_normalized:-0.0054; blocks.12.ln1_post.hook_normalized:0.0045; blocks.10.ln1_post.hook_normalized:0.0041; blocks.19.ln2_post.hook_normalized:0.0036; blocks.9.ln1_post.hook_normalized:-0.0027; blocks.8.ln1_post.hook_normalized:0.0020; blocks.2.ln1_post.hook_normalized:0.0019; blocks.20.ln2_post.hook_normalized:0.0019; blocks.17.ln2_post.hook_normalized:0.0016
gemma2,4086,-3,Component Similarities,All,,,blocks.20.hook_resid_post:0.2324; blocks.0.ln1_post.hook_normalized:0.0825; blocks.20.ln1_post.hook_normalized:0.0752; blocks.4.ln1_post.hook_normalized:0.0659; blocks.18.ln2_post.hook_normalized:0.0654; blocks.8.ln2_post.hook_normalized:0.0483; blocks.15.ln2_post.hook_normalized:0.0483; blocks.17.ln2_post.hook_normalized:0.0442; blocks.17.ln1_post.hook_normalized:0.0427; blocks.11.ln1_post.hook_normalized:0.0408; blocks.3.ln1_post.hook_normalized:0.0400; blocks.1.ln2_post.hook_normalized:-0.0388; blocks.16.ln1_post.hook_normalized:0.0388; blocks.6.ln2_post.hook_normalized:0.0383; blocks.7.ln1_post.hook_normalized:0.0376; blocks.15.ln1_post.hook_normalized:0.0352; blocks.1.ln1_post.hook_normalized:0.0347; blocks.11.ln2_post.hook_normalized:0.0344; blocks.16.ln2_post.hook_normalized:0.0325; blocks.5.ln1_post.hook_normalized:0.0322; blocks.5.ln2_post.hook_normalized:0.0283; blocks.7.ln2_post.hook_normalized:0.0201; blocks.18.ln1_post.hook_normalized:0.0201; blocks.3.ln2_post.hook_normalized:-0.0198; blocks.10.ln1_post.hook_normalized:0.0181; blocks.4.ln2_post.hook_normalized:0.0164; blocks.0.ln2_post.hook_normalized:0.0155; blocks.13.ln2_post.hook_normalized:0.0149; blocks.19.ln2_post.hook_normalized:0.0144; blocks.13.ln1_post.hook_normalized:0.0124; blocks.14.ln2_post.hook_normalized:-0.0107; blocks.12.ln2_post.hook_normalized:0.0097; blocks.0.hook_resid_post:0.0095; blocks.20.ln2_post.hook_normalized:0.0089; blocks.9.ln2_post.hook_normalized:0.0077; blocks.9.ln1_post.hook_normalized:0.0076; blocks.2.ln2_post.hook_normalized:0.0070; blocks.6.ln1_post.hook_normalized:0.0057; blocks.8.ln1_post.hook_normalized:0.0054; blocks.2.ln1_post.hook_normalized:0.0047; blocks.12.ln1_post.hook_normalized:0.0042; blocks.14.ln1_post.hook_normalized:-0.0039; blocks.19.ln1_post.hook_normalized:0.0034; blocks.10.ln2_post.hook_normalized:0.0030
gemma2,1200,-1,lars,negative,0.5742974252400341,,blocks.3.ln2_post.hook_normalized:4.9139; blocks.20.ln2_post.hook_normalized:5.8718; blocks.18.ln2_post.hook_normalized:4.4460; blocks.0.ln1_post.hook_normalized:1.9632; blocks.6.ln2_post.hook_normalized:0.5953; blocks.17.ln2_post.hook_normalized:0.3528; blocks.19.ln2_post.hook_normalized:0.0054; blocks.6.ln1_post.hook_normalized:0.0000; blocks.11.ln1_post.hook_normalized:0.0000; blocks.8.ln2_post.hook_normalized:0.0000; blocks.11.ln2_post.hook_normalized:0.0000; blocks.13.ln1_post.hook_normalized:0.0000; blocks.17.ln1_post.hook_normalized:0.0000; blocks.14.ln2_post.hook_normalized:0.0000; blocks.7.ln1_post.hook_normalized:0.0000; blocks.20.ln1_post.hook_normalized:0.0000; blocks.9.ln2_post.hook_normalized:0.0000; blocks.16.ln1_post.hook_normalized:0.0000; blocks.12.ln2_post.hook_normalized:0.0000; blocks.15.ln2_post.hook_normalized:0.0000; blocks.16.ln2_post.hook_normalized:0.0000; blocks.0.hook_resid_post:0.0000; blocks.13.ln2_post.hook_normalized:0.0000; blocks.4.ln1_post.hook_normalized:0.0000; blocks.15.ln1_post.hook_normalized:0.0000; blocks.8.ln1_post.hook_normalized:0.0000; blocks.10.ln1_post.hook_normalized:0.0000; blocks.5.ln2_post.hook_normalized:0.0000; blocks.10.ln2_post.hook_normalized:0.0000; blocks.7.ln2_post.hook_normalized:0.0000; blocks.19.ln1_post.hook_normalized:0.0000; blocks.3.ln1_post.hook_normalized:0.0000; blocks.2.ln2_post.hook_normalized:0.0000; blocks.1.ln1_post.hook_normalized:0.0000; blocks.18.ln1_post.hook_normalized:0.0000; blocks.5.ln1_post.hook_normalized:0.0000; blocks.12.ln1_post.hook_normalized:0.0000; blocks.2.ln1_post.hook_normalized:0.0000; blocks.4.ln2_post.hook_normalized:0.0000; blocks.14.ln1_post.hook_normalized:0.0000; blocks.0.ln2_post.hook_normalized:0.0000; blocks.1.ln2_post.hook_normalized:0.0000; blocks.9.ln1_post.hook_normalized:0.0000
gemma2,1200,-1,lars,positive,0.4838759335777125,,blocks.0.hook_resid_post:-2.1349; blocks.3.ln2_post.hook_normalized:6.4490; blocks.20.ln2_post.hook_normalized:8.6277; blocks.19.ln2_post.hook_normalized:1.3009; blocks.14.ln2_post.hook_normalized:1.2261; blocks.16.ln1_post.hook_normalized:0.9246; blocks.10.ln2_post.hook_normalized:0.7651; blocks.18.ln2_post.hook_normalized:0.0000; blocks.5.ln1_post.hook_normalized:0.0000; blocks.9.ln2_post.hook_normalized:0.0000; blocks.1.ln2_post.hook_normalized:0.0000; blocks.10.ln1_post.hook_normalized:0.0000; blocks.12.ln2_post.hook_normalized:0.0000; blocks.15.ln2_post.hook_normalized:0.0000; blocks.11.ln2_post.hook_normalized:0.0000; blocks.15.ln1_post.hook_normalized:0.0000; blocks.17.ln1_post.hook_normalized:0.0000; blocks.7.ln2_post.hook_normalized:0.0000; blocks.8.ln2_post.hook_normalized:0.0000; blocks.13.ln2_post.hook_normalized:0.0000; blocks.2.ln1_post.hook_normalized:0.0000; blocks.0.ln2_post.hook_normalized:0.0000; blocks.11.ln1_post.hook_normalized:0.0000; blocks.19.ln1_post.hook_normalized:0.0000; blocks.2.ln2_post.hook_normalized:0.0000; blocks.4.ln2_post.hook_normalized:0.0000; blocks.16.ln2_post.hook_normalized:0.0000; blocks.1.ln1_post.hook_normalized:0.0000; blocks.3.ln1_post.hook_normalized:0.0000; blocks.17.ln2_post.hook_normalized:0.0000; blocks.6.ln2_post.hook_normalized:0.0000; blocks.9.ln1_post.hook_normalized:0.0000; blocks.4.ln1_post.hook_normalized:0.0000; blocks.5.ln2_post.hook_normalized:0.0000; blocks.20.ln1_post.hook_normalized:0.0000; blocks.7.ln1_post.hook_normalized:0.0000; blocks.13.ln1_post.hook_normalized:0.0000; blocks.0.ln1_post.hook_normalized:0.0000; blocks.8.ln1_post.hook_normalized:0.0000; blocks.12.ln1_post.hook_normalized:0.0000; blocks.6.ln1_post.hook_normalized:0.0000; blocks.18.ln1_post.hook_normalized:0.0000; blocks.14.ln1_post.hook_normalized:0.0000
gemma2,1200,-2,lars,negative,0.2590682182909809,,blocks.3.ln2_post.hook_normalized:2.2654; blocks.20.ln2_post.hook_normalized:9.1166; blocks.0.hook_resid_post:0.4368; blocks.17.ln1_post.hook_normalized:4.0850; blocks.18.ln2_post.hook_normalized:1.2693; blocks.19.ln2_post.hook_normalized:0.5000; blocks.6.ln1_post.hook_normalized:0.0632; blocks.13.ln1_post.hook_normalized:0.0000; blocks.15.ln2_post.hook_normalized:0.0000; blocks.11.ln2_post.hook_normalized:0.0000; blocks.8.ln2_post.hook_normalized:0.0000; blocks.6.ln2_post.hook_normalized:0.0000; blocks.20.ln1_post.hook_normalized:0.0000; blocks.17.ln2_post.hook_normalized:0.0000; blocks.9.ln2_post.hook_normalized:0.0000; blocks.0.ln1_post.hook_normalized:0.0000; blocks.4.ln1_post.hook_normalized:0.0000; blocks.14.ln2_post.hook_normalized:0.0000; blocks.10.ln1_post.hook_normalized:0.0000; blocks.11.ln1_post.hook_normalized:0.0000; blocks.15.ln1_post.hook_normalized:0.0000; blocks.16.ln1_post.hook_normalized:0.0000; blocks.7.ln1_post.hook_normalized:0.0000; blocks.13.ln2_post.hook_normalized:0.0000; blocks.12.ln2_post.hook_normalized:0.0000; blocks.10.ln2_post.hook_normalized:0.0000; blocks.16.ln2_post.hook_normalized:0.0000; blocks.7.ln2_post.hook_normalized:0.0000; blocks.5.ln2_post.hook_normalized:0.0000; blocks.5.ln1_post.hook_normalized:0.0000; blocks.19.ln1_post.hook_normalized:0.0000; blocks.4.ln2_post.hook_normalized:0.0000; blocks.2.ln2_post.hook_normalized:0.0000; blocks.8.ln1_post.hook_normalized:0.0000; blocks.2.ln1_post.hook_normalized:0.0000; blocks.1.ln1_post.hook_normalized:0.0000; blocks.1.ln2_post.hook_normalized:0.0000; blocks.0.ln2_post.hook_normalized:0.0000; blocks.18.ln1_post.hook_normalized:0.0000; blocks.3.ln1_post.hook_normalized:0.0000; blocks.14.ln1_post.hook_normalized:0.0000; blocks.9.ln1_post.hook_normalized:0.0000; blocks.12.ln1_post.hook_normalized:0.0000
gemma2,1200,-2,lars,positive,0.1841967558227684,,blocks.3.ln2_post.hook_normalized:5.7094; blocks.20.ln2_post.hook_normalized:10.3949; blocks.0.hook_resid_post:0.3733; blocks.15.ln2_post.hook_normalized:1.7809; blocks.17.ln2_post.hook_normalized:1.3437; blocks.11.ln2_post.hook_normalized:0.1449; blocks.17.ln1_post.hook_normalized:0.1664; blocks.9.ln2_post.hook_normalized:0.0000; blocks.7.ln1_post.hook_normalized:0.0000; blocks.19.ln2_post.hook_normalized:0.0000; blocks.16.ln2_post.hook_normalized:0.0000; blocks.10.ln2_post.hook_normalized:0.0000; blocks.6.ln2_post.hook_normalized:0.0000; blocks.11.ln1_post.hook_normalized:0.0000; blocks.13.ln1_post.hook_normalized:0.0000; blocks.1.ln1_post.hook_normalized:0.0000; blocks.7.ln2_post.hook_normalized:0.0000; blocks.19.ln1_post.hook_normalized:0.0000; blocks.13.ln2_post.hook_normalized:0.0000; blocks.8.ln2_post.hook_normalized:0.0000; blocks.0.ln1_post.hook_normalized:0.0000; blocks.12.ln2_post.hook_normalized:0.0000; blocks.18.ln2_post.hook_normalized:0.0000; blocks.20.ln1_post.hook_normalized:0.0000; blocks.6.ln1_post.hook_normalized:0.0000; blocks.1.ln2_post.hook_normalized:0.0000; blocks.4.ln1_post.hook_normalized:0.0000; blocks.3.ln1_post.hook_normalized:0.0000; blocks.2.ln1_post.hook_normalized:0.0000; blocks.9.ln1_post.hook_normalized:0.0000; blocks.15.ln1_post.hook_normalized:0.0000; blocks.14.ln1_post.hook_normalized:0.0000; blocks.4.ln2_post.hook_normalized:0.0000; blocks.14.ln2_post.hook_normalized:0.0000; blocks.0.ln2_post.hook_normalized:0.0000; blocks.12.ln1_post.hook_normalized:0.0000; blocks.5.ln2_post.hook_normalized:0.0000; blocks.16.ln1_post.hook_normalized:0.0000; blocks.18.ln1_post.hook_normalized:0.0000; blocks.8.ln1_post.hook_normalized:0.0000; blocks.2.ln2_post.hook_normalized:0.0000; blocks.5.ln1_post.hook_normalized:0.0000; blocks.10.ln1_post.hook_normalized:0.0000
gemma2,1200,-3,lars,negative,0.5824322738868545,,blocks.0.hook_resid_post:0.5839; blocks.3.ln2_post.hook_normalized:1.9662; blocks.20.ln2_post.hook_normalized:8.5953; blocks.17.ln1_post.hook_normalized:3.9229; blocks.18.ln2_post.hook_normalized:4.5809; blocks.19.ln2_post.hook_normalized:0.8433; blocks.13.ln1_post.hook_normalized:0.6810; blocks.0.ln1_post.hook_normalized:0.0000; blocks.9.ln2_post.hook_normalized:0.0000; blocks.20.ln1_post.hook_normalized:0.0000; blocks.11.ln2_post.hook_normalized:0.0000; blocks.6.ln1_post.hook_normalized:0.0000; blocks.16.ln2_post.hook_normalized:0.0000; blocks.15.ln2_post.hook_normalized:0.0000; blocks.6.ln2_post.hook_normalized:0.0000; blocks.16.ln1_post.hook_normalized:0.0000; blocks.10.ln1_post.hook_normalized:0.0000; blocks.17.ln2_post.hook_normalized:0.0000; blocks.5.ln2_post.hook_normalized:0.0000; blocks.4.ln1_post.hook_normalized:0.0000; blocks.15.ln1_post.hook_normalized:0.0000; blocks.14.ln2_post.hook_normalized:0.0000; blocks.7.ln1_post.hook_normalized:0.0000; blocks.8.ln2_post.hook_normalized:0.0000; blocks.10.ln2_post.hook_normalized:0.0000; blocks.11.ln1_post.hook_normalized:0.0000; blocks.13.ln2_post.hook_normalized:0.0000; blocks.5.ln1_post.hook_normalized:0.0000; blocks.7.ln2_post.hook_normalized:0.0000; blocks.19.ln1_post.hook_normalized:0.0000; blocks.4.ln2_post.hook_normalized:0.0000; blocks.12.ln2_post.hook_normalized:0.0000; blocks.3.ln1_post.hook_normalized:0.0000; blocks.14.ln1_post.hook_normalized:0.0000; blocks.2.ln1_post.hook_normalized:0.0000; blocks.2.ln2_post.hook_normalized:0.0000; blocks.1.ln2_post.hook_normalized:0.0000; blocks.12.ln1_post.hook_normalized:0.0000; blocks.0.ln2_post.hook_normalized:0.0000; blocks.1.ln1_post.hook_normalized:0.0000; blocks.8.ln1_post.hook_normalized:0.0000; blocks.18.ln1_post.hook_normalized:0.0000; blocks.9.ln1_post.hook_normalized:0.0000
gemma2,1200,-3,lars,positive,0.37323903315743545,,blocks.3.ln2_post.hook_normalized:4.2265; blocks.0.hook_resid_post:0.5914; blocks.20.ln2_post.hook_normalized:8.5520; blocks.17.ln1_post.hook_normalized:3.6820; blocks.17.ln2_post.hook_normalized:3.5718; blocks.18.ln2_post.hook_normalized:2.2408; blocks.9.ln2_post.hook_normalized:0.0850; blocks.6.ln2_post.hook_normalized:0.0000; blocks.19.ln2_post.hook_normalized:0.0000; blocks.8.ln2_post.hook_normalized:0.0000; blocks.13.ln1_post.hook_normalized:0.0000; blocks.5.ln1_post.hook_normalized:0.0000; blocks.11.ln1_post.hook_normalized:0.0000; blocks.10.ln2_post.hook_normalized:0.0000; blocks.15.ln2_post.hook_normalized:0.0000; blocks.14.ln2_post.hook_normalized:0.0000; blocks.7.ln1_post.hook_normalized:0.0000; blocks.0.ln1_post.hook_normalized:0.0000; blocks.4.ln1_post.hook_normalized:0.0000; blocks.0.ln2_post.hook_normalized:0.0000; blocks.19.ln1_post.hook_normalized:0.0000; blocks.1.ln1_post.hook_normalized:0.0000; blocks.13.ln2_post.hook_normalized:0.0000; blocks.2.ln1_post.hook_normalized:0.0000; blocks.12.ln2_post.hook_normalized:0.0000; blocks.5.ln2_post.hook_normalized:0.0000; blocks.20.ln1_post.hook_normalized:0.0000; blocks.2.ln2_post.hook_normalized:0.0000; blocks.16.ln2_post.hook_normalized:0.0000; blocks.15.ln1_post.hook_normalized:0.0000; blocks.1.ln2_post.hook_normalized:0.0000; blocks.7.ln2_post.hook_normalized:0.0000; blocks.10.ln1_post.hook_normalized:0.0000; blocks.14.ln1_post.hook_normalized:0.0000; blocks.4.ln2_post.hook_normalized:0.0000; blocks.12.ln1_post.hook_normalized:0.0000; blocks.11.ln2_post.hook_normalized:0.0000; blocks.8.ln1_post.hook_normalized:0.0000; blocks.18.ln1_post.hook_normalized:0.0000; blocks.3.ln1_post.hook_normalized:0.0000; blocks.16.ln1_post.hook_normalized:0.0000; blocks.6.ln1_post.hook_normalized:0.0000; blocks.9.ln1_post.hook_normalized:0.0000
gemma2,1200,-1,diff,pos-vs-neg,,,blocks.20.hook_resid_post:3.5365; blocks.0.hook_resid_post:1.0255; blocks.7.ln1_post.hook_normalized:0.6743; blocks.13.ln2_post.hook_normalized:-0.6467; blocks.11.ln1_post.hook_normalized:0.6029; blocks.16.ln1_post.hook_normalized:0.5930; blocks.3.ln1_post.hook_normalized:0.5621; blocks.20.ln2_post.hook_normalized:-0.5505; blocks.1.ln2_post.hook_normalized:-0.5258; blocks.0.ln2_post.hook_normalized:-0.4561; blocks.4.ln1_post.hook_normalized:0.3817; blocks.1.ln1_post.hook_normalized:0.2257; blocks.18.ln2_post.hook_normalized:0.2125; blocks.2.ln2_post.hook_normalized:0.2079; blocks.4.ln2_post.hook_normalized:-0.2048; blocks.14.ln2_post.hook_normalized:-0.1969; blocks.19.ln2_post.hook_normalized:0.1922; blocks.12.ln2_post.hook_normalized:0.1812; blocks.13.ln1_post.hook_normalized:0.1789; blocks.19.ln1_post.hook_normalized:-0.1755; blocks.0.ln1_post.hook_normalized:-0.1531; blocks.6.ln1_post.hook_normalized:0.1481; blocks.15.ln1_post.hook_normalized:0.1395; blocks.7.ln2_post.hook_normalized:-0.1252; blocks.2.ln1_post.hook_normalized:0.1116; blocks.9.ln1_post.hook_normalized:0.1110; blocks.14.ln1_post.hook_normalized:-0.1092; blocks.5.ln1_post.hook_normalized:0.1092; blocks.16.ln2_post.hook_normalized:-0.1055; blocks.12.ln1_post.hook_normalized:0.1021; blocks.11.ln2_post.hook_normalized:0.0967; blocks.3.ln2_post.hook_normalized:-0.0923; blocks.10.ln2_post.hook_normalized:-0.0909; blocks.6.ln2_post.hook_normalized:-0.0893; blocks.17.ln2_post.hook_normalized:0.0750; blocks.20.ln1_post.hook_normalized:0.0666; blocks.17.ln1_post.hook_normalized:-0.0609; blocks.10.ln1_post.hook_normalized:0.0507; blocks.15.ln2_post.hook_normalized:0.0366; blocks.5.ln2_post.hook_normalized:0.0342; blocks.8.ln1_post.hook_normalized:-0.0244; blocks.18.ln1_post.hook_normalized:-0.0197; blocks.9.ln2_post.hook_normalized:-0.0176; blocks.8.ln2_post.hook_normalized:-0.0089
gemma2,1200,-2,diff,pos-vs-neg,,,blocks.20.hook_resid_post:7.9959; blocks.11.ln2_post.hook_normalized:0.4468; blocks.0.ln1_post.hook_normalized:0.4451; blocks.4.ln1_post.hook_normalized:0.3829; blocks.7.ln1_post.hook_normalized:0.3353; blocks.4.ln2_post.hook_normalized:0.3223; blocks.16.ln1_post.hook_normalized:0.3211; blocks.6.ln2_post.hook_normalized:0.3128; blocks.11.ln1_post.hook_normalized:0.2967; blocks.3.ln2_post.hook_normalized:-0.2898; blocks.15.ln1_post.hook_normalized:0.2698; blocks.17.ln1_post.hook_normalized:0.2585; blocks.3.ln1_post.hook_normalized:0.2085; blocks.5.ln1_post.hook_normalized:0.2084; blocks.8.ln2_post.hook_normalized:0.2059; blocks.2.ln2_post.hook_normalized:0.1949; blocks.20.ln1_post.hook_normalized:0.1899; blocks.6.ln1_post.hook_normalized:0.1882; blocks.19.ln2_post.hook_normalized:0.1623; blocks.5.ln2_post.hook_normalized:0.1577; blocks.19.ln1_post.hook_normalized:-0.1317; blocks.1.ln2_post.hook_normalized:0.1180; blocks.16.ln2_post.hook_normalized:-0.1158; blocks.2.ln1_post.hook_normalized:-0.1067; blocks.12.ln1_post.hook_normalized:-0.1046; blocks.14.ln2_post.hook_normalized:-0.1039; blocks.17.ln2_post.hook_normalized:0.0955; blocks.14.ln1_post.hook_normalized:-0.0890; blocks.20.ln2_post.hook_normalized:-0.0864; blocks.0.hook_resid_post:-0.0839; blocks.15.ln2_post.hook_normalized:0.0806; blocks.8.ln1_post.hook_normalized:0.0789; blocks.7.ln2_post.hook_normalized:0.0774; blocks.0.ln2_post.hook_normalized:0.0764; blocks.1.ln1_post.hook_normalized:0.0758; blocks.13.ln2_post.hook_normalized:-0.0640; blocks.18.ln1_post.hook_normalized:0.0484; blocks.12.ln2_post.hook_normalized:0.0394; blocks.9.ln1_post.hook_normalized:-0.0376; blocks.9.ln2_post.hook_normalized:0.0305; blocks.10.ln1_post.hook_normalized:0.0295; blocks.18.ln2_post.hook_normalized:-0.0190; blocks.10.ln2_post.hook_normalized:-0.0144; blocks.13.ln1_post.hook_normalized:-0.0090
gemma2,1200,-3,diff,pos-vs-neg,,,blocks.20.hook_resid_post:9.8878; blocks.0.ln1_post.hook_normalized:0.6470; blocks.11.ln2_post.hook_normalized:0.5896; blocks.4.ln1_post.hook_normalized:0.4344; blocks.0.hook_resid_post:-0.3896; blocks.17.ln1_post.hook_normalized:0.3707; blocks.19.ln2_post.hook_normalized:0.3602; blocks.20.ln1_post.hook_normalized:0.3008; blocks.15.ln2_post.hook_normalized:0.3000; blocks.17.ln2_post.hook_normalized:0.2912; blocks.0.ln2_post.hook_normalized:0.2593; blocks.6.ln1_post.hook_normalized:0.2339; blocks.16.ln1_post.hook_normalized:0.2165; blocks.8.ln2_post.hook_normalized:0.2123; blocks.5.ln2_post.hook_normalized:0.1916; blocks.18.ln2_post.hook_normalized:0.1821; blocks.3.ln1_post.hook_normalized:0.1768; blocks.13.ln2_post.hook_normalized:-0.1724; blocks.9.ln1_post.hook_normalized:-0.1632; blocks.6.ln2_post.hook_normalized:0.1568; blocks.4.ln2_post.hook_normalized:0.1540; blocks.15.ln1_post.hook_normalized:0.1509; blocks.10.ln1_post.hook_normalized:0.1353; blocks.7.ln2_post.hook_normalized:0.1217; blocks.5.ln1_post.hook_normalized:0.1198; blocks.8.ln1_post.hook_normalized:0.1181; blocks.14.ln2_post.hook_normalized:0.1106; blocks.11.ln1_post.hook_normalized:0.1079; blocks.7.ln1_post.hook_normalized:0.1017; blocks.1.ln1_post.hook_normalized:0.0952; blocks.12.ln1_post.hook_normalized:-0.0920; blocks.2.ln1_post.hook_normalized:0.0863; blocks.19.ln1_post.hook_normalized:-0.0856; blocks.3.ln2_post.hook_normalized:-0.0801; blocks.16.ln2_post.hook_normalized:0.0799; blocks.14.ln1_post.hook_normalized:-0.0597; blocks.20.ln2_post.hook_normalized:0.0473; blocks.1.ln2_post.hook_normalized:-0.0443; blocks.2.ln2_post.hook_normalized:0.0401; blocks.9.ln2_post.hook_normalized:0.0391; blocks.13.ln1_post.hook_normalized:-0.0363; blocks.10.ln2_post.hook_normalized:-0.0361; blocks.18.ln1_post.hook_normalized:0.0260; blocks.12.ln2_post.hook_normalized:-0.0012
gemma2,1200,-1,Component Similarities,All,,,blocks.0.hook_resid_post:0.0894; blocks.20.ln2_post.hook_normalized:-0.0732; blocks.16.ln1_post.hook_normalized:0.0645; blocks.1.ln2_post.hook_normalized:-0.0583; blocks.3.ln1_post.hook_normalized:0.0576; blocks.13.ln2_post.hook_normalized:-0.0544; blocks.4.ln1_post.hook_normalized:0.0508; blocks.7.ln1_post.hook_normalized:0.0459; blocks.11.ln1_post.hook_normalized:0.0386; blocks.0.ln2_post.hook_normalized:-0.0381; blocks.17.ln1_post.hook_normalized:-0.0369; blocks.2.ln2_post.hook_normalized:0.0325; blocks.20.hook_resid_post:0.0306; blocks.4.ln2_post.hook_normalized:-0.0304; blocks.18.ln2_post.hook_normalized:0.0259; blocks.19.ln1_post.hook_normalized:-0.0236; blocks.13.ln1_post.hook_normalized:0.0209; blocks.15.ln1_post.hook_normalized:0.0199; blocks.20.ln1_post.hook_normalized:0.0194; blocks.9.ln2_post.hook_normalized:-0.0189; blocks.14.ln2_post.hook_normalized:-0.0182; blocks.14.ln1_post.hook_normalized:-0.0170; blocks.12.ln2_post.hook_normalized:0.0146; blocks.0.ln1_post.hook_normalized:-0.0139; blocks.16.ln2_post.hook_normalized:-0.0135; blocks.6.ln2_post.hook_normalized:-0.0134; blocks.1.ln1_post.hook_normalized:0.0134; blocks.5.ln2_post.hook_normalized:0.0111; blocks.2.ln1_post.hook_normalized:0.0110; blocks.12.ln1_post.hook_normalized:0.0101; blocks.9.ln1_post.hook_normalized:0.0100; blocks.7.ln2_post.hook_normalized:-0.0090; blocks.5.ln1_post.hook_normalized:0.0083; blocks.17.ln2_post.hook_normalized:0.0075; blocks.11.ln2_post.hook_normalized:0.0071; blocks.10.ln2_post.hook_normalized:-0.0062; blocks.18.ln1_post.hook_normalized:0.0051; blocks.19.ln2_post.hook_normalized:0.0045; blocks.8.ln2_post.hook_normalized:-0.0042; blocks.10.ln1_post.hook_normalized:0.0040; blocks.15.ln2_post.hook_normalized:0.0034; blocks.6.ln1_post.hook_normalized:-0.0031; blocks.3.ln2_post.hook_normalized:-0.0022; blocks.8.ln1_post.hook_normalized:0.0016
gemma2,1200,-2,Component Similarities,All,,,blocks.20.hook_resid_post:0.1060; blocks.3.ln2_post.hook_normalized:-0.0547; blocks.4.ln2_post.hook_normalized:0.0508; blocks.20.ln1_post.hook_normalized:0.0483; blocks.4.ln1_post.hook_normalized:0.0469; blocks.11.ln2_post.hook_normalized:0.0420; blocks.6.ln2_post.hook_normalized:0.0393; blocks.0.ln1_post.hook_normalized:0.0391; blocks.15.ln1_post.hook_normalized:0.0344; blocks.2.ln2_post.hook_normalized:0.0339; blocks.3.ln1_post.hook_normalized:0.0325; blocks.16.ln1_post.hook_normalized:0.0317; blocks.1.ln2_post.hook_normalized:0.0267; blocks.7.ln1_post.hook_normalized:0.0254; blocks.8.ln2_post.hook_normalized:0.0236; blocks.11.ln1_post.hook_normalized:0.0221; blocks.20.ln2_post.hook_normalized:-0.0221; blocks.2.ln1_post.hook_normalized:-0.0212; blocks.5.ln2_post.hook_normalized:0.0188; blocks.14.ln1_post.hook_normalized:-0.0173; blocks.17.ln1_post.hook_normalized:0.0171; blocks.5.ln1_post.hook_normalized:0.0135; blocks.9.ln2_post.hook_normalized:-0.0117; blocks.14.ln2_post.hook_normalized:-0.0114; blocks.15.ln2_post.hook_normalized:0.0109; blocks.0.hook_resid_post:-0.0104; blocks.16.ln2_post.hook_normalized:-0.0099; blocks.19.ln1_post.hook_normalized:-0.0099; blocks.17.ln2_post.hook_normalized:0.0097; blocks.13.ln2_post.hook_normalized:-0.0094; blocks.18.ln1_post.hook_normalized:0.0085; blocks.12.ln1_post.hook_normalized:-0.0081; blocks.0.ln2_post.hook_normalized:0.0079; blocks.6.ln1_post.hook_normalized:0.0078; blocks.7.ln2_post.hook_normalized:0.0074; blocks.8.ln1_post.hook_normalized:0.0054; blocks.1.ln1_post.hook_normalized:0.0053; blocks.18.ln2_post.hook_normalized:0.0038; blocks.19.ln2_post.hook_normalized:0.0038; blocks.9.ln1_post.hook_normalized:-0.0031; blocks.12.ln2_post.hook_normalized:0.0031; blocks.10.ln2_post.hook_normalized:0.0016; blocks.13.ln1_post.hook_normalized:0.0009; blocks.10.ln1_post.hook_normalized:0.0008
gemma2,1200,-3,Component Similarities,All,,,blocks.20.hook_resid_post:0.1436; blocks.11.ln2_post.hook_normalized:0.0664; blocks.20.ln1_post.hook_normalized:0.0654; blocks.4.ln1_post.hook_normalized:0.0579; blocks.0.ln1_post.hook_normalized:0.0571; blocks.15.ln2_post.hook_normalized:0.0430; blocks.17.ln2_post.hook_normalized:0.0410; blocks.0.ln2_post.hook_normalized:0.0408; blocks.18.ln2_post.hook_normalized:0.0344; blocks.17.ln1_post.hook_normalized:0.0330; blocks.4.ln2_post.hook_normalized:0.0291; blocks.0.hook_resid_post:-0.0282; blocks.5.ln2_post.hook_normalized:0.0280; blocks.19.ln2_post.hook_normalized:0.0264; blocks.3.ln1_post.hook_normalized:0.0247; blocks.3.ln2_post.hook_normalized:-0.0240; blocks.15.ln1_post.hook_normalized:0.0231; blocks.13.ln2_post.hook_normalized:-0.0200; blocks.6.ln2_post.hook_normalized:0.0199; blocks.7.ln2_post.hook_normalized:0.0195; blocks.16.ln1_post.hook_normalized:0.0189; blocks.8.ln2_post.hook_normalized:0.0179; blocks.6.ln1_post.hook_normalized:0.0175; blocks.2.ln2_post.hook_normalized:0.0152; blocks.14.ln2_post.hook_normalized:0.0132; blocks.14.ln1_post.hook_normalized:-0.0127; blocks.12.ln1_post.hook_normalized:-0.0113; blocks.9.ln1_post.hook_normalized:-0.0112; blocks.9.ln2_post.hook_normalized:-0.0110; blocks.10.ln1_post.hook_normalized:0.0106; blocks.16.ln2_post.hook_normalized:0.0104; blocks.8.ln1_post.hook_normalized:0.0099; blocks.11.ln1_post.hook_normalized:0.0093; blocks.7.ln1_post.hook_normalized:0.0090; blocks.1.ln1_post.hook_normalized:0.0073; blocks.5.ln1_post.hook_normalized:0.0070; blocks.1.ln2_post.hook_normalized:0.0060; blocks.20.ln2_post.hook_normalized:0.0060; blocks.19.ln1_post.hook_normalized:0.0040; blocks.13.ln1_post.hook_normalized:-0.0020; blocks.10.ln2_post.hook_normalized:0.0011; blocks.18.ln1_post.hook_normalized:0.0010; blocks.12.ln2_post.hook_normalized:-0.0005; blocks.2.ln1_post.hook_normalized:0.0000
gemma2,4287,-1,lars,negative,-5.6149065124078135e-06,,blocks.0.hook_resid_post:0.5018; blocks.3.ln2_post.hook_normalized:1.5976; blocks.17.ln1_post.hook_normalized:1.4172; blocks.20.ln2_post.hook_normalized:4.5748; blocks.13.ln1_post.hook_normalized:1.4448; blocks.15.ln1_post.hook_normalized:1.4456; blocks.16.ln2_post.hook_normalized:1.2417; blocks.19.ln2_post.hook_normalized:0.0000; blocks.18.ln2_post.hook_normalized:0.0000; blocks.15.ln2_post.hook_normalized:0.0000; blocks.6.ln2_post.hook_normalized:0.0000; blocks.16.ln1_post.hook_normalized:0.0000; blocks.13.ln2_post.hook_normalized:0.0000; blocks.14.ln2_post.hook_normalized:0.0000; blocks.19.ln1_post.hook_normalized:0.0000; blocks.10.ln1_post.hook_normalized:0.0000; blocks.11.ln1_post.hook_normalized:0.0000; blocks.1.ln2_post.hook_normalized:0.0000; blocks.2.ln1_post.hook_normalized:0.0000; blocks.7.ln1_post.hook_normalized:0.0000; blocks.20.ln1_post.hook_normalized:0.0000; blocks.0.ln1_post.hook_normalized:0.0000; blocks.10.ln2_post.hook_normalized:0.0000; blocks.9.ln2_post.hook_normalized:0.0000; blocks.0.ln2_post.hook_normalized:0.0000; blocks.4.ln2_post.hook_normalized:0.0000; blocks.5.ln2_post.hook_normalized:0.0000; blocks.4.ln1_post.hook_normalized:0.0000; blocks.17.ln2_post.hook_normalized:0.0000; blocks.2.ln2_post.hook_normalized:0.0000; blocks.8.ln1_post.hook_normalized:0.0000; blocks.9.ln1_post.hook_normalized:0.0000; blocks.18.ln1_post.hook_normalized:0.0000; blocks.11.ln2_post.hook_normalized:0.0000; blocks.3.ln1_post.hook_normalized:0.0000; blocks.1.ln1_post.hook_normalized:0.0000; blocks.12.ln1_post.hook_normalized:0.0000; blocks.7.ln2_post.hook_normalized:0.0000; blocks.12.ln2_post.hook_normalized:0.0000; blocks.6.ln1_post.hook_normalized:0.0000; blocks.8.ln2_post.hook_normalized:0.0000; blocks.14.ln1_post.hook_normalized:0.0000; blocks.5.ln1_post.hook_normalized:0.0000
gemma2,4287,-1,lars,positive,0.6228146809030062,,blocks.0.hook_resid_post:1.1501; blocks.18.ln2_post.hook_normalized:5.9677; blocks.20.ln2_post.hook_normalized:3.5835; blocks.15.ln2_post.hook_normalized:2.4539; blocks.15.ln1_post.hook_normalized:2.3381; blocks.16.ln2_post.hook_normalized:1.3234; blocks.19.ln2_post.hook_normalized:0.7137; blocks.17.ln2_post.hook_normalized:0.0000; blocks.10.ln1_post.hook_normalized:0.0000; blocks.13.ln1_post.hook_normalized:0.0000; blocks.10.ln2_post.hook_normalized:0.0000; blocks.16.ln1_post.hook_normalized:0.0000; blocks.5.ln2_post.hook_normalized:0.0000; blocks.7.ln2_post.hook_normalized:0.0000; blocks.13.ln2_post.hook_normalized:0.0000; blocks.9.ln1_post.hook_normalized:0.0000; blocks.11.ln2_post.hook_normalized:0.0000; blocks.4.ln2_post.hook_normalized:0.0000; blocks.5.ln1_post.hook_normalized:0.0000; blocks.17.ln1_post.hook_normalized:0.0000; blocks.8.ln2_post.hook_normalized:0.0000; blocks.2.ln1_post.hook_normalized:0.0000; blocks.11.ln1_post.hook_normalized:0.0000; blocks.7.ln1_post.hook_normalized:0.0000; blocks.20.ln1_post.hook_normalized:0.0000; blocks.19.ln1_post.hook_normalized:0.0000; blocks.14.ln1_post.hook_normalized:0.0000; blocks.3.ln2_post.hook_normalized:0.0000; blocks.12.ln2_post.hook_normalized:0.0000; blocks.3.ln1_post.hook_normalized:0.0000; blocks.9.ln2_post.hook_normalized:0.0000; blocks.2.ln2_post.hook_normalized:0.0000; blocks.1.ln1_post.hook_normalized:0.0000; blocks.14.ln2_post.hook_normalized:0.0000; blocks.8.ln1_post.hook_normalized:0.0000; blocks.6.ln2_post.hook_normalized:0.0000; blocks.18.ln1_post.hook_normalized:0.0000; blocks.0.ln2_post.hook_normalized:0.0000; blocks.0.ln1_post.hook_normalized:0.0000; blocks.4.ln1_post.hook_normalized:0.0000; blocks.1.ln2_post.hook_normalized:0.0000; blocks.12.ln1_post.hook_normalized:0.0000; blocks.6.ln1_post.hook_normalized:0.0000
gemma2,4287,-2,lars,negative,0.5454291949808476,,blocks.3.ln2_post.hook_normalized:1.3895; blocks.17.ln1_post.hook_normalized:-0.1569; blocks.0.hook_resid_post:1.0248; blocks.20.ln2_post.hook_normalized:6.7589; blocks.13.ln1_post.hook_normalized:4.7405; blocks.19.ln2_post.hook_normalized:2.6615; blocks.18.ln2_post.hook_normalized:0.4996; blocks.19.ln1_post.hook_normalized:0.0000; blocks.15.ln1_post.hook_normalized:0.0000; blocks.15.ln2_post.hook_normalized:0.0000; blocks.16.ln2_post.hook_normalized:0.0000; blocks.0.ln2_post.hook_normalized:0.0000; blocks.17.ln2_post.hook_normalized:0.0000; blocks.0.ln1_post.hook_normalized:0.0000; blocks.14.ln2_post.hook_normalized:0.0000; blocks.20.ln1_post.hook_normalized:0.0000; blocks.16.ln1_post.hook_normalized:0.0000; blocks.1.ln1_post.hook_normalized:0.0000; blocks.2.ln1_post.hook_normalized:0.0000; blocks.5.ln1_post.hook_normalized:0.0000; blocks.1.ln2_post.hook_normalized:0.0000; blocks.18.ln1_post.hook_normalized:0.0000; blocks.6.ln2_post.hook_normalized:0.0000; blocks.5.ln2_post.hook_normalized:0.0000; blocks.3.ln1_post.hook_normalized:0.0000; blocks.12.ln1_post.hook_normalized:0.0000; blocks.9.ln1_post.hook_normalized:0.0000; blocks.14.ln1_post.hook_normalized:0.0000; blocks.2.ln2_post.hook_normalized:0.0000; blocks.7.ln2_post.hook_normalized:0.0000; blocks.7.ln1_post.hook_normalized:0.0000; blocks.4.ln1_post.hook_normalized:0.0000; blocks.4.ln2_post.hook_normalized:0.0000; blocks.11.ln2_post.hook_normalized:0.0000; blocks.12.ln2_post.hook_normalized:0.0000; blocks.8.ln2_post.hook_normalized:0.0000; blocks.9.ln2_post.hook_normalized:0.0000; blocks.6.ln1_post.hook_normalized:0.0000; blocks.10.ln1_post.hook_normalized:0.0000; blocks.8.ln1_post.hook_normalized:0.0000; blocks.10.ln2_post.hook_normalized:0.0000; blocks.13.ln2_post.hook_normalized:0.0000; blocks.11.ln1_post.hook_normalized:0.0000
gemma2,4287,-2,lars,positive,0.12574407238985463,,blocks.17.ln1_post.hook_normalized:3.1348; blocks.0.hook_resid_post:1.9862; blocks.3.ln2_post.hook_normalized:2.6487; blocks.20.ln2_post.hook_normalized:5.6988; blocks.6.ln2_post.hook_normalized:0.5646; blocks.13.ln1_post.hook_normalized:0.4424; blocks.10.ln1_post.hook_normalized:0.2423; blocks.5.ln1_post.hook_normalized:0.0000; blocks.19.ln2_post.hook_normalized:0.0000; blocks.15.ln2_post.hook_normalized:0.0000; blocks.18.ln2_post.hook_normalized:0.0000; blocks.8.ln2_post.hook_normalized:0.0000; blocks.13.ln2_post.hook_normalized:0.0000; blocks.19.ln1_post.hook_normalized:0.0000; blocks.12.ln2_post.hook_normalized:0.0000; blocks.5.ln2_post.hook_normalized:0.0000; blocks.3.ln1_post.hook_normalized:0.0000; blocks.9.ln2_post.hook_normalized:0.0000; blocks.7.ln2_post.hook_normalized:0.0000; blocks.15.ln1_post.hook_normalized:0.0000; blocks.16.ln2_post.hook_normalized:0.0000; blocks.11.ln1_post.hook_normalized:0.0000; blocks.18.ln1_post.hook_normalized:0.0000; blocks.4.ln1_post.hook_normalized:0.0000; blocks.4.ln2_post.hook_normalized:0.0000; blocks.14.ln2_post.hook_normalized:0.0000; blocks.11.ln2_post.hook_normalized:0.0000; blocks.1.ln1_post.hook_normalized:0.0000; blocks.20.ln1_post.hook_normalized:0.0000; blocks.17.ln2_post.hook_normalized:0.0000; blocks.10.ln2_post.hook_normalized:0.0000; blocks.2.ln2_post.hook_normalized:0.0000; blocks.0.ln1_post.hook_normalized:0.0000; blocks.12.ln1_post.hook_normalized:0.0000; blocks.1.ln2_post.hook_normalized:0.0000; blocks.9.ln1_post.hook_normalized:0.0000; blocks.2.ln1_post.hook_normalized:0.0000; blocks.7.ln1_post.hook_normalized:0.0000; blocks.8.ln1_post.hook_normalized:0.0000; blocks.16.ln1_post.hook_normalized:0.0000; blocks.0.ln2_post.hook_normalized:0.0000; blocks.14.ln1_post.hook_normalized:0.0000; blocks.6.ln1_post.hook_normalized:0.0000
gemma2,4287,-3,lars,negative,0.5399359297585299,,blocks.0.hook_resid_post:1.4250; blocks.17.ln1_post.hook_normalized:2.1336; blocks.20.ln2_post.hook_normalized:4.5644; blocks.13.ln1_post.hook_normalized:3.5575; blocks.18.ln2_post.hook_normalized:2.7541; blocks.19.ln2_post.hook_normalized:1.6919; blocks.17.ln2_post.hook_normalized:0.6481; blocks.14.ln2_post.hook_normalized:0.0000; blocks.10.ln1_post.hook_normalized:0.0000; blocks.16.ln2_post.hook_normalized:0.0000; blocks.0.ln2_post.hook_normalized:0.0000; blocks.10.ln2_post.hook_normalized:0.0000; blocks.15.ln2_post.hook_normalized:0.0000; blocks.11.ln2_post.hook_normalized:0.0000; blocks.13.ln2_post.hook_normalized:0.0000; blocks.6.ln2_post.hook_normalized:0.0000; blocks.15.ln1_post.hook_normalized:0.0000; blocks.19.ln1_post.hook_normalized:0.0000; blocks.12.ln2_post.hook_normalized:0.0000; blocks.4.ln2_post.hook_normalized:0.0000; blocks.5.ln2_post.hook_normalized:0.0000; blocks.18.ln1_post.hook_normalized:0.0000; blocks.7.ln1_post.hook_normalized:0.0000; blocks.3.ln1_post.hook_normalized:0.0000; blocks.8.ln2_post.hook_normalized:0.0000; blocks.16.ln1_post.hook_normalized:0.0000; blocks.1.ln2_post.hook_normalized:0.0000; blocks.20.ln1_post.hook_normalized:0.0000; blocks.2.ln2_post.hook_normalized:0.0000; blocks.9.ln2_post.hook_normalized:0.0000; blocks.7.ln2_post.hook_normalized:0.0000; blocks.11.ln1_post.hook_normalized:0.0000; blocks.3.ln2_post.hook_normalized:0.0000; blocks.5.ln1_post.hook_normalized:0.0000; blocks.8.ln1_post.hook_normalized:0.0000; blocks.6.ln1_post.hook_normalized:0.0000; blocks.1.ln1_post.hook_normalized:0.0000; blocks.14.ln1_post.hook_normalized:0.0000; blocks.12.ln1_post.hook_normalized:0.0000; blocks.4.ln1_post.hook_normalized:0.0000; blocks.9.ln1_post.hook_normalized:0.0000; blocks.0.ln1_post.hook_normalized:0.0000; blocks.2.ln1_post.hook_normalized:0.0000
gemma2,4287,-3,lars,positive,0.658770322874699,,blocks.0.hook_resid_post:1.4688; blocks.17.ln1_post.hook_normalized:1.2704; blocks.20.ln2_post.hook_normalized:6.2143; blocks.15.ln1_post.hook_normalized:5.7522; blocks.16.ln2_post.hook_normalized:2.5771; blocks.18.ln2_post.hook_normalized:0.4791; blocks.10.ln1_post.hook_normalized:0.3871; blocks.13.ln2_post.hook_normalized:0.0000; blocks.6.ln2_post.hook_normalized:0.0000; blocks.5.ln1_post.hook_normalized:0.0000; blocks.17.ln2_post.hook_normalized:0.0000; blocks.11.ln2_post.hook_normalized:0.0000; blocks.14.ln2_post.hook_normalized:0.0000; blocks.5.ln2_post.hook_normalized:0.0000; blocks.15.ln2_post.hook_normalized:0.0000; blocks.4.ln1_post.hook_normalized:0.0000; blocks.1.ln1_post.hook_normalized:0.0000; blocks.1.ln2_post.hook_normalized:0.0000; blocks.8.ln2_post.hook_normalized:0.0000; blocks.0.ln1_post.hook_normalized:0.0000; blocks.3.ln1_post.hook_normalized:0.0000; blocks.8.ln1_post.hook_normalized:0.0000; blocks.10.ln2_post.hook_normalized:0.0000; blocks.14.ln1_post.hook_normalized:0.0000; blocks.6.ln1_post.hook_normalized:0.0000; blocks.9.ln1_post.hook_normalized:0.0000; blocks.3.ln2_post.hook_normalized:0.0000; blocks.16.ln1_post.hook_normalized:0.0000; blocks.7.ln2_post.hook_normalized:0.0000; blocks.7.ln1_post.hook_normalized:0.0000; blocks.4.ln2_post.hook_normalized:0.0000; blocks.9.ln2_post.hook_normalized:0.0000; blocks.19.ln1_post.hook_normalized:0.0000; blocks.18.ln1_post.hook_normalized:0.0000; blocks.12.ln2_post.hook_normalized:0.0000; blocks.11.ln1_post.hook_normalized:0.0000; blocks.20.ln1_post.hook_normalized:0.0000; blocks.12.ln1_post.hook_normalized:0.0000; blocks.19.ln2_post.hook_normalized:0.0000; blocks.0.ln2_post.hook_normalized:0.0000; blocks.2.ln1_post.hook_normalized:0.0000; blocks.2.ln2_post.hook_normalized:0.0000; blocks.13.ln1_post.hook_normalized:0.0000
gemma2,4287,-1,diff,pos-vs-neg,,,blocks.0.hook_resid_post:3.3846; blocks.0.ln2_post.hook_normalized:-0.8239; blocks.1.ln2_post.hook_normalized:-0.7633; blocks.0.ln1_post.hook_normalized:-0.5424; blocks.20.hook_resid_post:-0.5277; blocks.7.ln1_post.hook_normalized:0.4822; blocks.13.ln2_post.hook_normalized:-0.4713; blocks.3.ln2_post.hook_normalized:-0.4105; blocks.11.ln1_post.hook_normalized:0.3702; blocks.8.ln2_post.hook_normalized:-0.3314; blocks.19.ln1_post.hook_normalized:-0.3231; blocks.4.ln1_post.hook_normalized:0.2918; blocks.15.ln1_post.hook_normalized:0.2643; blocks.20.ln2_post.hook_normalized:-0.2513; blocks.4.ln2_post.hook_normalized:-0.2422; blocks.13.ln1_post.hook_normalized:0.2160; blocks.9.ln1_post.hook_normalized:0.2146; blocks.10.ln1_post.hook_normalized:0.1939; blocks.17.ln2_post.hook_normalized:-0.1899; blocks.18.ln2_post.hook_normalized:-0.1846; blocks.14.ln1_post.hook_normalized:-0.1779; blocks.14.ln2_post.hook_normalized:-0.1735; blocks.2.ln1_post.hook_normalized:-0.1518; blocks.3.ln1_post.hook_normalized:0.1430; blocks.1.ln1_post.hook_normalized:0.1411; blocks.9.ln2_post.hook_normalized:-0.1368; blocks.16.ln1_post.hook_normalized:0.1267; blocks.5.ln2_post.hook_normalized:-0.1239; blocks.11.ln2_post.hook_normalized:0.1232; blocks.12.ln2_post.hook_normalized:-0.1105; blocks.7.ln2_post.hook_normalized:-0.0994; blocks.19.ln2_post.hook_normalized:-0.0848; blocks.2.ln2_post.hook_normalized:0.0834; blocks.16.ln2_post.hook_normalized:-0.0812; blocks.10.ln2_post.hook_normalized:0.0779; blocks.5.ln1_post.hook_normalized:-0.0746; blocks.18.ln1_post.hook_normalized:-0.0737; blocks.6.ln2_post.hook_normalized:-0.0709; blocks.6.ln1_post.hook_normalized:0.0483; blocks.17.ln1_post.hook_normalized:-0.0476; blocks.8.ln1_post.hook_normalized:-0.0242; blocks.12.ln1_post.hook_normalized:0.0138; blocks.20.ln1_post.hook_normalized:-0.0103; blocks.15.ln2_post.hook_normalized:0.0093
gemma2,4287,-2,diff,pos-vs-neg,,,blocks.20.hook_resid_post:-2.0414; blocks.0.hook_resid_post:-1.4534; blocks.7.ln1_post.hook_normalized:0.4591; blocks.13.ln2_post.hook_normalized:-0.4499; blocks.3.ln2_post.hook_normalized:-0.4377; blocks.19.ln1_post.hook_normalized:-0.4043; blocks.8.ln2_post.hook_normalized:-0.3790; blocks.6.ln2_post.hook_normalized:-0.3526; blocks.0.ln2_post.hook_normalized:0.3374; blocks.1.ln2_post.hook_normalized:0.3036; blocks.9.ln1_post.hook_normalized:0.2920; blocks.15.ln1_post.hook_normalized:0.2834; blocks.0.ln1_post.hook_normalized:0.2756; blocks.11.ln1_post.hook_normalized:0.2711; blocks.10.ln2_post.hook_normalized:-0.2506; blocks.14.ln2_post.hook_normalized:-0.2030; blocks.7.ln2_post.hook_normalized:0.1762; blocks.12.ln2_post.hook_normalized:-0.1726; blocks.17.ln1_post.hook_normalized:0.1662; blocks.10.ln1_post.hook_normalized:0.1606; blocks.4.ln1_post.hook_normalized:0.1490; blocks.15.ln2_post.hook_normalized:0.1410; blocks.20.ln1_post.hook_normalized:0.1163; blocks.4.ln2_post.hook_normalized:-0.1157; blocks.3.ln1_post.hook_normalized:0.1068; blocks.11.ln2_post.hook_normalized:0.1021; blocks.14.ln1_post.hook_normalized:-0.0968; blocks.2.ln1_post.hook_normalized:-0.0920; blocks.17.ln2_post.hook_normalized:0.0911; blocks.2.ln2_post.hook_normalized:0.0893; blocks.5.ln1_post.hook_normalized:0.0853; blocks.1.ln1_post.hook_normalized:-0.0834; blocks.12.ln1_post.hook_normalized:0.0636; blocks.20.ln2_post.hook_normalized:0.0523; blocks.5.ln2_post.hook_normalized:0.0325; blocks.13.ln1_post.hook_normalized:-0.0293; blocks.18.ln1_post.hook_normalized:0.0254; blocks.16.ln1_post.hook_normalized:0.0208; blocks.8.ln1_post.hook_normalized:0.0187; blocks.9.ln2_post.hook_normalized:-0.0185; blocks.18.ln2_post.hook_normalized:0.0134; blocks.16.ln2_post.hook_normalized:-0.0115; blocks.6.ln1_post.hook_normalized:-0.0056; blocks.19.ln2_post.hook_normalized:0.0011
gemma2,4287,-3,diff,pos-vs-neg,,,blocks.20.hook_resid_post:-3.6437; blocks.0.hook_resid_post:-1.2348; blocks.0.ln1_post.hook_normalized:0.5921; blocks.13.ln2_post.hook_normalized:-0.5442; blocks.19.ln1_post.hook_normalized:-0.3878; blocks.7.ln1_post.hook_normalized:0.3758; blocks.6.ln2_post.hook_normalized:-0.3375; blocks.3.ln2_post.hook_normalized:-0.3338; blocks.8.ln2_post.hook_normalized:-0.3317; blocks.9.ln1_post.hook_normalized:0.2508; blocks.12.ln2_post.hook_normalized:-0.2508; blocks.10.ln2_post.hook_normalized:-0.2505; blocks.4.ln2_post.hook_normalized:-0.2217; blocks.10.ln1_post.hook_normalized:0.2021; blocks.14.ln2_post.hook_normalized:-0.1895; blocks.3.ln1_post.hook_normalized:0.1826; blocks.17.ln1_post.hook_normalized:0.1825; blocks.20.ln1_post.hook_normalized:0.1742; blocks.14.ln1_post.hook_normalized:-0.1585; blocks.17.ln2_post.hook_normalized:0.1391; blocks.19.ln2_post.hook_normalized:-0.1333; blocks.12.ln1_post.hook_normalized:-0.1326; blocks.11.ln1_post.hook_normalized:0.1281; blocks.9.ln2_post.hook_normalized:-0.1271; blocks.15.ln2_post.hook_normalized:0.1234; blocks.16.ln1_post.hook_normalized:0.1131; blocks.5.ln2_post.hook_normalized:-0.1069; blocks.16.ln2_post.hook_normalized:-0.1039; blocks.0.ln2_post.hook_normalized:0.0926; blocks.11.ln2_post.hook_normalized:0.0900; blocks.4.ln1_post.hook_normalized:0.0856; blocks.5.ln1_post.hook_normalized:0.0782; blocks.8.ln1_post.hook_normalized:0.0747; blocks.1.ln2_post.hook_normalized:-0.0660; blocks.2.ln2_post.hook_normalized:-0.0587; blocks.2.ln1_post.hook_normalized:0.0493; blocks.1.ln1_post.hook_normalized:0.0458; blocks.20.ln2_post.hook_normalized:0.0339; blocks.13.ln1_post.hook_normalized:0.0269; blocks.18.ln2_post.hook_normalized:0.0194; blocks.6.ln1_post.hook_normalized:0.0188; blocks.15.ln1_post.hook_normalized:0.0034; blocks.7.ln2_post.hook_normalized:0.0031; blocks.18.ln1_post.hook_normalized:0.0010
gemma2,4287,-1,Component Similarities,All,,,blocks.0.hook_resid_post:0.1914; blocks.1.ln2_post.hook_normalized:-0.0752; blocks.0.ln2_post.hook_normalized:-0.0515; blocks.19.ln1_post.hook_normalized:-0.0510; blocks.3.ln2_post.hook_normalized:-0.0466; blocks.8.ln2_post.hook_normalized:-0.0427; blocks.13.ln2_post.hook_normalized:-0.0386; blocks.4.ln1_post.hook_normalized:0.0359; blocks.4.ln2_post.hook_normalized:-0.0359; blocks.15.ln1_post.hook_normalized:0.0352; blocks.7.ln1_post.hook_normalized:0.0349; blocks.0.ln1_post.hook_normalized:-0.0325; blocks.17.ln1_post.hook_normalized:-0.0315; blocks.20.ln2_post.hook_normalized:-0.0277; blocks.2.ln1_post.hook_normalized:-0.0266; blocks.11.ln1_post.hook_normalized:0.0244; blocks.14.ln1_post.hook_normalized:-0.0229; blocks.13.ln1_post.hook_normalized:0.0226; blocks.18.ln2_post.hook_normalized:-0.0204; blocks.17.ln2_post.hook_normalized:-0.0198; blocks.9.ln1_post.hook_normalized:0.0166; blocks.20.hook_resid_post:-0.0164; blocks.14.ln2_post.hook_normalized:-0.0159; blocks.10.ln1_post.hook_normalized:0.0148; blocks.16.ln1_post.hook_normalized:0.0148; blocks.16.ln2_post.hook_normalized:-0.0148; blocks.3.ln1_post.hook_normalized:0.0141; blocks.9.ln2_post.hook_normalized:-0.0136; blocks.6.ln2_post.hook_normalized:-0.0130; blocks.2.ln2_post.hook_normalized:0.0120; blocks.19.ln2_post.hook_normalized:-0.0098; blocks.11.ln2_post.hook_normalized:0.0090; blocks.1.ln1_post.hook_normalized:0.0087; blocks.5.ln2_post.hook_normalized:-0.0080; blocks.12.ln2_post.hook_normalized:-0.0077; blocks.7.ln2_post.hook_normalized:-0.0074; blocks.10.ln2_post.hook_normalized:0.0070; blocks.5.ln1_post.hook_normalized:-0.0067; blocks.20.ln1_post.hook_normalized:-0.0061; blocks.18.ln1_post.hook_normalized:-0.0055; blocks.6.ln1_post.hook_normalized:0.0045; blocks.12.ln1_post.hook_normalized:0.0029; blocks.15.ln2_post.hook_normalized:0.0006; blocks.8.ln1_post.hook_normalized:0.0000
gemma2,4287,-2,Component Similarities,All,,,blocks.3.ln2_post.hook_normalized:-0.1064; blocks.0.hook_resid_post:-0.1025; blocks.19.ln1_post.hook_normalized:-0.0566; blocks.1.ln2_post.hook_normalized:0.0513; blocks.13.ln2_post.hook_normalized:-0.0483; blocks.8.ln2_post.hook_normalized:-0.0464; blocks.6.ln2_post.hook_normalized:-0.0403; blocks.7.ln1_post.hook_normalized:0.0400; blocks.0.ln2_post.hook_normalized:0.0374; blocks.15.ln1_post.hook_normalized:0.0349; blocks.20.hook_resid_post:-0.0270; blocks.10.ln2_post.hook_normalized:-0.0261; blocks.20.ln1_post.hook_normalized:0.0245; blocks.11.ln1_post.hook_normalized:0.0229; blocks.2.ln1_post.hook_normalized:-0.0223; blocks.7.ln2_post.hook_normalized:0.0221; blocks.14.ln2_post.hook_normalized:-0.0217; blocks.9.ln1_post.hook_normalized:0.0215; blocks.15.ln2_post.hook_normalized:0.0206; blocks.0.ln1_post.hook_normalized:0.0198; blocks.3.ln1_post.hook_normalized:0.0173; blocks.4.ln1_post.hook_normalized:0.0165; blocks.2.ln2_post.hook_normalized:0.0139; blocks.14.ln1_post.hook_normalized:-0.0135; blocks.12.ln2_post.hook_normalized:-0.0132; blocks.17.ln2_post.hook_normalized:0.0126; blocks.12.ln1_post.hook_normalized:0.0123; blocks.10.ln1_post.hook_normalized:0.0117; blocks.11.ln2_post.hook_normalized:0.0109; blocks.13.ln1_post.hook_normalized:-0.0082; blocks.20.ln2_post.hook_normalized:0.0078; blocks.1.ln1_post.hook_normalized:-0.0073; blocks.4.ln2_post.hook_normalized:-0.0067; blocks.16.ln1_post.hook_normalized:0.0062; blocks.17.ln1_post.hook_normalized:0.0055; blocks.5.ln1_post.hook_normalized:0.0052; blocks.16.ln2_post.hook_normalized:-0.0037; blocks.18.ln1_post.hook_normalized:0.0035; blocks.18.ln2_post.hook_normalized:0.0035; blocks.5.ln2_post.hook_normalized:0.0026; blocks.6.ln1_post.hook_normalized:-0.0023; blocks.19.ln2_post.hook_normalized:-0.0016; blocks.9.ln2_post.hook_normalized:-0.0012; blocks.8.ln1_post.hook_normalized:0.0007
gemma2,4287,-3,Component Similarities,All,,,blocks.0.hook_resid_post:-0.0938; blocks.3.ln2_post.hook_normalized:-0.0845; blocks.13.ln2_post.hook_normalized:-0.0610; blocks.0.ln1_post.hook_normalized:0.0544; blocks.19.ln1_post.hook_normalized:-0.0513; blocks.20.hook_resid_post:-0.0496; blocks.8.ln2_post.hook_normalized:-0.0483; blocks.6.ln2_post.hook_normalized:-0.0415; blocks.20.ln1_post.hook_normalized:0.0349; blocks.7.ln1_post.hook_normalized:0.0332; blocks.10.ln2_post.hook_normalized:-0.0284; blocks.3.ln1_post.hook_normalized:0.0270; blocks.14.ln2_post.hook_normalized:-0.0270; blocks.12.ln2_post.hook_normalized:-0.0267; blocks.4.ln2_post.hook_normalized:-0.0258; blocks.14.ln1_post.hook_normalized:-0.0221; blocks.15.ln2_post.hook_normalized:0.0199; blocks.19.ln2_post.hook_normalized:-0.0198; blocks.17.ln2_post.hook_normalized:0.0197; blocks.9.ln1_post.hook_normalized:0.0188; blocks.10.ln1_post.hook_normalized:0.0176; blocks.16.ln2_post.hook_normalized:-0.0149; blocks.16.ln1_post.hook_normalized:0.0148; blocks.9.ln2_post.hook_normalized:-0.0136; blocks.0.ln2_post.hook_normalized:0.0120; blocks.4.ln1_post.hook_normalized:0.0118; blocks.12.ln1_post.hook_normalized:-0.0116; blocks.11.ln1_post.hook_normalized:0.0109; blocks.17.ln1_post.hook_normalized:0.0107; blocks.11.ln2_post.hook_normalized:0.0104; blocks.8.ln1_post.hook_normalized:0.0101; blocks.1.ln2_post.hook_normalized:0.0096; blocks.5.ln2_post.hook_normalized:-0.0087; blocks.2.ln1_post.hook_normalized:-0.0071; blocks.20.ln2_post.hook_normalized:0.0070; blocks.5.ln1_post.hook_normalized:0.0061; blocks.18.ln1_post.hook_normalized:-0.0053; blocks.2.ln2_post.hook_normalized:-0.0046; blocks.18.ln2_post.hook_normalized:0.0045; blocks.7.ln2_post.hook_normalized:0.0043; blocks.6.ln1_post.hook_normalized:0.0042; blocks.13.ln1_post.hook_normalized:-0.0033; blocks.1.ln1_post.hook_normalized:0.0026; blocks.15.ln1_post.hook_normalized:-0.0003
gemma2,137,-1,lars,negative,0.6687171933223066,,blocks.3.ln2_post.hook_normalized:2.9346; blocks.17.ln1_post.hook_normalized:4.5682; blocks.20.ln2_post.hook_normalized:6.5923; blocks.0.ln1_post.hook_normalized:2.7902; blocks.18.ln2_post.hook_normalized:2.6803; blocks.19.ln2_post.hook_normalized:1.3786; blocks.8.ln2_post.hook_normalized:0.3830; blocks.13.ln1_post.hook_normalized:0.0000; blocks.6.ln2_post.hook_normalized:0.0000; blocks.16.ln1_post.hook_normalized:0.0000; blocks.17.ln2_post.hook_normalized:0.0000; blocks.7.ln1_post.hook_normalized:0.0000; blocks.14.ln2_post.hook_normalized:0.0000; blocks.15.ln2_post.hook_normalized:0.0000; blocks.16.ln2_post.hook_normalized:0.0000; blocks.6.ln1_post.hook_normalized:0.0000; blocks.13.ln2_post.hook_normalized:0.0000; blocks.10.ln2_post.hook_normalized:0.0000; blocks.11.ln1_post.hook_normalized:0.0000; blocks.7.ln2_post.hook_normalized:0.0000; blocks.0.hook_resid_post:0.0000; blocks.20.ln1_post.hook_normalized:0.0000; blocks.11.ln2_post.hook_normalized:0.0000; blocks.19.ln1_post.hook_normalized:0.0000; blocks.12.ln2_post.hook_normalized:0.0000; blocks.10.ln1_post.hook_normalized:0.0000; blocks.15.ln1_post.hook_normalized:0.0000; blocks.9.ln2_post.hook_normalized:0.0000; blocks.3.ln1_post.hook_normalized:0.0000; blocks.2.ln2_post.hook_normalized:0.0000; blocks.5.ln2_post.hook_normalized:0.0000; blocks.1.ln1_post.hook_normalized:0.0000; blocks.4.ln1_post.hook_normalized:0.0000; blocks.18.ln1_post.hook_normalized:0.0000; blocks.14.ln1_post.hook_normalized:0.0000; blocks.4.ln2_post.hook_normalized:0.0000; blocks.1.ln2_post.hook_normalized:0.0000; blocks.12.ln1_post.hook_normalized:0.0000; blocks.5.ln1_post.hook_normalized:0.0000; blocks.9.ln1_post.hook_normalized:0.0000; blocks.8.ln1_post.hook_normalized:0.0000; blocks.0.ln2_post.hook_normalized:0.0000; blocks.2.ln1_post.hook_normalized:0.0000
gemma2,137,-1,lars,positive,0.2624466363607719,,blocks.0.hook_resid_post:-1.3853; blocks.3.ln2_post.hook_normalized:3.2633; blocks.20.ln2_post.hook_normalized:11.4035; blocks.17.ln1_post.hook_normalized:3.4714; blocks.11.ln1_post.hook_normalized:1.0478; blocks.18.ln2_post.hook_normalized:0.6452; blocks.19.ln2_post.hook_normalized:0.7722; blocks.6.ln2_post.hook_normalized:0.0000; blocks.15.ln2_post.hook_normalized:0.0000; blocks.16.ln1_post.hook_normalized:0.0000; blocks.1.ln2_post.hook_normalized:0.0000; blocks.0.ln2_post.hook_normalized:0.0000; blocks.7.ln1_post.hook_normalized:0.0000; blocks.5.ln1_post.hook_normalized:0.0000; blocks.7.ln2_post.hook_normalized:0.0000; blocks.5.ln2_post.hook_normalized:0.0000; blocks.18.ln1_post.hook_normalized:0.0000; blocks.4.ln2_post.hook_normalized:0.0000; blocks.8.ln1_post.hook_normalized:0.0000; blocks.9.ln1_post.hook_normalized:0.0000; blocks.16.ln2_post.hook_normalized:0.0000; blocks.2.ln1_post.hook_normalized:0.0000; blocks.0.ln1_post.hook_normalized:0.0000; blocks.9.ln2_post.hook_normalized:0.0000; blocks.3.ln1_post.hook_normalized:0.0000; blocks.8.ln2_post.hook_normalized:0.0000; blocks.10.ln2_post.hook_normalized:0.0000; blocks.17.ln2_post.hook_normalized:0.0000; blocks.10.ln1_post.hook_normalized:0.0000; blocks.11.ln2_post.hook_normalized:0.0000; blocks.4.ln1_post.hook_normalized:0.0000; blocks.13.ln1_post.hook_normalized:0.0000; blocks.6.ln1_post.hook_normalized:0.0000; blocks.14.ln2_post.hook_normalized:0.0000; blocks.15.ln1_post.hook_normalized:0.0000; blocks.13.ln2_post.hook_normalized:0.0000; blocks.12.ln2_post.hook_normalized:0.0000; blocks.14.ln1_post.hook_normalized:0.0000; blocks.1.ln1_post.hook_normalized:0.0000; blocks.2.ln2_post.hook_normalized:0.0000; blocks.20.ln1_post.hook_normalized:0.0000; blocks.19.ln1_post.hook_normalized:0.0000; blocks.12.ln1_post.hook_normalized:0.0000
gemma2,137,-2,lars,negative,0.308128322607763,,blocks.3.ln2_post.hook_normalized:3.8795; blocks.17.ln1_post.hook_normalized:4.8910; blocks.20.ln2_post.hook_normalized:8.1223; blocks.0.hook_resid_post:0.4612; blocks.18.ln2_post.hook_normalized:1.4768; blocks.19.ln2_post.hook_normalized:1.3810; blocks.0.ln1_post.hook_normalized:0.4277; blocks.13.ln1_post.hook_normalized:0.0000; blocks.6.ln2_post.hook_normalized:0.0000; blocks.17.ln2_post.hook_normalized:0.0000; blocks.7.ln2_post.hook_normalized:0.0000; blocks.16.ln1_post.hook_normalized:0.0000; blocks.15.ln2_post.hook_normalized:0.0000; blocks.14.ln2_post.hook_normalized:0.0000; blocks.8.ln2_post.hook_normalized:0.0000; blocks.16.ln2_post.hook_normalized:0.0000; blocks.6.ln1_post.hook_normalized:0.0000; blocks.11.ln2_post.hook_normalized:0.0000; blocks.1.ln1_post.hook_normalized:0.0000; blocks.10.ln1_post.hook_normalized:0.0000; blocks.19.ln1_post.hook_normalized:0.0000; blocks.11.ln1_post.hook_normalized:0.0000; blocks.10.ln2_post.hook_normalized:0.0000; blocks.9.ln2_post.hook_normalized:0.0000; blocks.15.ln1_post.hook_normalized:0.0000; blocks.12.ln2_post.hook_normalized:0.0000; blocks.5.ln2_post.hook_normalized:0.0000; blocks.4.ln2_post.hook_normalized:0.0000; blocks.20.ln1_post.hook_normalized:0.0000; blocks.7.ln1_post.hook_normalized:0.0000; blocks.5.ln1_post.hook_normalized:0.0000; blocks.0.ln2_post.hook_normalized:0.0000; blocks.13.ln2_post.hook_normalized:0.0000; blocks.2.ln2_post.hook_normalized:0.0000; blocks.1.ln2_post.hook_normalized:0.0000; blocks.4.ln1_post.hook_normalized:0.0000; blocks.18.ln1_post.hook_normalized:0.0000; blocks.2.ln1_post.hook_normalized:0.0000; blocks.14.ln1_post.hook_normalized:0.0000; blocks.3.ln1_post.hook_normalized:0.0000; blocks.8.ln1_post.hook_normalized:0.0000; blocks.12.ln1_post.hook_normalized:0.0000; blocks.9.ln1_post.hook_normalized:0.0000
gemma2,137,-2,lars,positive,0.48712529358512147,,blocks.3.ln2_post.hook_normalized:3.9497; blocks.17.ln1_post.hook_normalized:4.8125; blocks.0.hook_resid_post:1.0122; blocks.20.ln2_post.hook_normalized:6.2573; blocks.19.ln2_post.hook_normalized:7.7015; blocks.6.ln2_post.hook_normalized:0.5468; blocks.18.ln2_post.hook_normalized:0.4137; blocks.7.ln2_post.hook_normalized:0.0000; blocks.13.ln1_post.hook_normalized:0.0000; blocks.13.ln2_post.hook_normalized:0.0000; blocks.1.ln1_post.hook_normalized:0.0000; blocks.8.ln2_post.hook_normalized:0.0000; blocks.12.ln2_post.hook_normalized:0.0000; blocks.19.ln1_post.hook_normalized:0.0000; blocks.14.ln2_post.hook_normalized:0.0000; blocks.10.ln2_post.hook_normalized:0.0000; blocks.0.ln1_post.hook_normalized:0.0000; blocks.7.ln1_post.hook_normalized:0.0000; blocks.5.ln1_post.hook_normalized:0.0000; blocks.1.ln2_post.hook_normalized:0.0000; blocks.0.ln2_post.hook_normalized:0.0000; blocks.4.ln1_post.hook_normalized:0.0000; blocks.15.ln2_post.hook_normalized:0.0000; blocks.5.ln2_post.hook_normalized:0.0000; blocks.9.ln2_post.hook_normalized:0.0000; blocks.18.ln1_post.hook_normalized:0.0000; blocks.15.ln1_post.hook_normalized:0.0000; blocks.12.ln1_post.hook_normalized:0.0000; blocks.16.ln2_post.hook_normalized:0.0000; blocks.2.ln2_post.hook_normalized:0.0000; blocks.17.ln2_post.hook_normalized:0.0000; blocks.9.ln1_post.hook_normalized:0.0000; blocks.3.ln1_post.hook_normalized:0.0000; blocks.4.ln2_post.hook_normalized:0.0000; blocks.14.ln1_post.hook_normalized:0.0000; blocks.8.ln1_post.hook_normalized:0.0000; blocks.20.ln1_post.hook_normalized:0.0000; blocks.11.ln1_post.hook_normalized:0.0000; blocks.6.ln1_post.hook_normalized:0.0000; blocks.11.ln2_post.hook_normalized:0.0000; blocks.16.ln1_post.hook_normalized:0.0000; blocks.2.ln1_post.hook_normalized:0.0000; blocks.10.ln1_post.hook_normalized:0.0000
gemma2,137,-3,lars,negative,0.6187413141251428,,blocks.0.hook_resid_post:0.4969; blocks.17.ln1_post.hook_normalized:5.1439; blocks.3.ln2_post.hook_normalized:2.7823; blocks.20.ln2_post.hook_normalized:6.9222; blocks.18.ln2_post.hook_normalized:4.2571; blocks.19.ln2_post.hook_normalized:3.6106; blocks.13.ln1_post.hook_normalized:0.8648; blocks.0.ln1_post.hook_normalized:0.0000; blocks.16.ln2_post.hook_normalized:0.0000; blocks.16.ln1_post.hook_normalized:0.0000; blocks.6.ln2_post.hook_normalized:0.0000; blocks.6.ln1_post.hook_normalized:0.0000; blocks.17.ln2_post.hook_normalized:0.0000; blocks.15.ln2_post.hook_normalized:0.0000; blocks.11.ln2_post.hook_normalized:0.0000; blocks.5.ln2_post.hook_normalized:0.0000; blocks.19.ln1_post.hook_normalized:0.0000; blocks.10.ln2_post.hook_normalized:0.0000; blocks.10.ln1_post.hook_normalized:0.0000; blocks.14.ln2_post.hook_normalized:0.0000; blocks.5.ln1_post.hook_normalized:0.0000; blocks.7.ln1_post.hook_normalized:0.0000; blocks.7.ln2_post.hook_normalized:0.0000; blocks.9.ln2_post.hook_normalized:0.0000; blocks.20.ln1_post.hook_normalized:0.0000; blocks.8.ln2_post.hook_normalized:0.0000; blocks.13.ln2_post.hook_normalized:0.0000; blocks.15.ln1_post.hook_normalized:0.0000; blocks.1.ln1_post.hook_normalized:0.0000; blocks.4.ln2_post.hook_normalized:0.0000; blocks.12.ln2_post.hook_normalized:0.0000; blocks.2.ln1_post.hook_normalized:0.0000; blocks.18.ln1_post.hook_normalized:0.0000; blocks.9.ln1_post.hook_normalized:0.0000; blocks.4.ln1_post.hook_normalized:0.0000; blocks.14.ln1_post.hook_normalized:0.0000; blocks.3.ln1_post.hook_normalized:0.0000; blocks.2.ln2_post.hook_normalized:0.0000; blocks.11.ln1_post.hook_normalized:0.0000; blocks.12.ln1_post.hook_normalized:0.0000; blocks.0.ln2_post.hook_normalized:0.0000; blocks.1.ln2_post.hook_normalized:0.0000; blocks.8.ln1_post.hook_normalized:0.0000
gemma2,137,-3,lars,positive,0.7124510351427555,,blocks.0.hook_resid_post:0.4700; blocks.17.ln1_post.hook_normalized:3.8529; blocks.3.ln2_post.hook_normalized:3.4477; blocks.20.ln2_post.hook_normalized:6.8997; blocks.19.ln2_post.hook_normalized:6.8037; blocks.18.ln2_post.hook_normalized:4.9969; blocks.0.ln1_post.hook_normalized:2.0805; blocks.7.ln2_post.hook_normalized:0.0000; blocks.11.ln1_post.hook_normalized:0.0000; blocks.0.ln2_post.hook_normalized:0.0000; blocks.20.ln1_post.hook_normalized:0.0000; blocks.8.ln2_post.hook_normalized:0.0000; blocks.15.ln2_post.hook_normalized:0.0000; blocks.10.ln1_post.hook_normalized:0.0000; blocks.17.ln2_post.hook_normalized:0.0000; blocks.6.ln2_post.hook_normalized:0.0000; blocks.13.ln2_post.hook_normalized:0.0000; blocks.13.ln1_post.hook_normalized:0.0000; blocks.1.ln2_post.hook_normalized:0.0000; blocks.19.ln1_post.hook_normalized:0.0000; blocks.10.ln2_post.hook_normalized:0.0000; blocks.7.ln1_post.hook_normalized:0.0000; blocks.16.ln1_post.hook_normalized:0.0000; blocks.6.ln1_post.hook_normalized:0.0000; blocks.5.ln2_post.hook_normalized:0.0000; blocks.2.ln2_post.hook_normalized:0.0000; blocks.2.ln1_post.hook_normalized:0.0000; blocks.16.ln2_post.hook_normalized:0.0000; blocks.12.ln2_post.hook_normalized:0.0000; blocks.12.ln1_post.hook_normalized:0.0000; blocks.5.ln1_post.hook_normalized:0.0000; blocks.1.ln1_post.hook_normalized:0.0000; blocks.9.ln1_post.hook_normalized:0.0000; blocks.11.ln2_post.hook_normalized:0.0000; blocks.8.ln1_post.hook_normalized:0.0000; blocks.4.ln1_post.hook_normalized:0.0000; blocks.9.ln2_post.hook_normalized:0.0000; blocks.18.ln1_post.hook_normalized:0.0000; blocks.15.ln1_post.hook_normalized:0.0000; blocks.3.ln1_post.hook_normalized:0.0000; blocks.4.ln2_post.hook_normalized:0.0000; blocks.14.ln2_post.hook_normalized:0.0000; blocks.14.ln1_post.hook_normalized:0.0000
gemma2,137,-1,diff,pos-vs-neg,,,blocks.20.hook_resid_post:1.1102; blocks.0.hook_resid_post:0.9370; blocks.9.ln1_post.hook_normalized:-0.6285; blocks.13.ln2_post.hook_normalized:-0.4333; blocks.0.ln2_post.hook_normalized:-0.4291; blocks.20.ln2_post.hook_normalized:-0.4026; blocks.19.ln2_post.hook_normalized:0.3977; blocks.2.ln1_post.hook_normalized:-0.3513; blocks.16.ln1_post.hook_normalized:0.3375; blocks.14.ln2_post.hook_normalized:-0.3164; blocks.7.ln2_post.hook_normalized:0.2965; blocks.8.ln2_post.hook_normalized:0.2944; blocks.4.ln1_post.hook_normalized:0.2865; blocks.0.ln1_post.hook_normalized:-0.2815; blocks.1.ln2_post.hook_normalized:-0.2774; blocks.10.ln2_post.hook_normalized:-0.2536; blocks.3.ln2_post.hook_normalized:-0.2494; blocks.11.ln2_post.hook_normalized:-0.2202; blocks.8.ln1_post.hook_normalized:-0.2116; blocks.11.ln1_post.hook_normalized:0.1987; blocks.16.ln2_post.hook_normalized:-0.1906; blocks.18.ln2_post.hook_normalized:0.1828; blocks.10.ln1_post.hook_normalized:-0.1754; blocks.6.ln2_post.hook_normalized:0.1723; blocks.13.ln1_post.hook_normalized:-0.1700; blocks.19.ln1_post.hook_normalized:-0.1666; blocks.17.ln2_post.hook_normalized:0.1666; blocks.5.ln1_post.hook_normalized:-0.1535; blocks.9.ln2_post.hook_normalized:-0.1398; blocks.12.ln2_post.hook_normalized:-0.1313; blocks.7.ln1_post.hook_normalized:0.1280; blocks.18.ln1_post.hook_normalized:0.1187; blocks.2.ln2_post.hook_normalized:0.1128; blocks.15.ln2_post.hook_normalized:0.1099; blocks.4.ln2_post.hook_normalized:0.0873; blocks.3.ln1_post.hook_normalized:0.0860; blocks.12.ln1_post.hook_normalized:-0.0702; blocks.20.ln1_post.hook_normalized:-0.0509; blocks.14.ln1_post.hook_normalized:0.0322; blocks.5.ln2_post.hook_normalized:0.0201; blocks.1.ln1_post.hook_normalized:-0.0198; blocks.6.ln1_post.hook_normalized:0.0188; blocks.15.ln1_post.hook_normalized:-0.0160; blocks.17.ln1_post.hook_normalized:0.0084
gemma2,137,-2,diff,pos-vs-neg,,,blocks.20.hook_resid_post:7.2387; blocks.0.ln1_post.hook_normalized:0.7407; blocks.0.hook_resid_post:-0.6457; blocks.9.ln1_post.hook_normalized:-0.5644; blocks.11.ln2_post.hook_normalized:0.5141; blocks.7.ln2_post.hook_normalized:0.4329; blocks.8.ln2_post.hook_normalized:0.3591; blocks.4.ln2_post.hook_normalized:0.3309; blocks.19.ln2_post.hook_normalized:0.3268; blocks.6.ln2_post.hook_normalized:0.2790; blocks.4.ln1_post.hook_normalized:0.2760; blocks.13.ln1_post.hook_normalized:-0.2399; blocks.15.ln2_post.hook_normalized:0.2359; blocks.17.ln1_post.hook_normalized:0.2240; blocks.3.ln1_post.hook_normalized:-0.2172; blocks.19.ln1_post.hook_normalized:-0.2160; blocks.18.ln2_post.hook_normalized:0.2125; blocks.17.ln2_post.hook_normalized:0.2070; blocks.11.ln1_post.hook_normalized:-0.1964; blocks.10.ln1_post.hook_normalized:-0.1908; blocks.7.ln1_post.hook_normalized:-0.1817; blocks.20.ln1_post.hook_normalized:0.1767; blocks.2.ln1_post.hook_normalized:-0.1715; blocks.3.ln2_post.hook_normalized:-0.1694; blocks.5.ln2_post.hook_normalized:0.1683; blocks.20.ln2_post.hook_normalized:0.1668; blocks.5.ln1_post.hook_normalized:-0.1604; blocks.13.ln2_post.hook_normalized:-0.1457; blocks.0.ln2_post.hook_normalized:0.1368; blocks.1.ln1_post.hook_normalized:-0.1240; blocks.6.ln1_post.hook_normalized:0.1221; blocks.16.ln2_post.hook_normalized:0.1179; blocks.15.ln1_post.hook_normalized:-0.1146; blocks.14.ln1_post.hook_normalized:0.0766; blocks.9.ln2_post.hook_normalized:0.0740; blocks.14.ln2_post.hook_normalized:0.0617; blocks.8.ln1_post.hook_normalized:-0.0508; blocks.18.ln1_post.hook_normalized:-0.0484; blocks.16.ln1_post.hook_normalized:0.0454; blocks.2.ln2_post.hook_normalized:0.0413; blocks.1.ln2_post.hook_normalized:0.0298; blocks.12.ln2_post.hook_normalized:-0.0268; blocks.10.ln2_post.hook_normalized:-0.0104; blocks.12.ln1_post.hook_normalized:0.0081
gemma2,137,-3,diff,pos-vs-neg,,,blocks.20.hook_resid_post:10.7382; blocks.0.ln1_post.hook_normalized:0.7134; blocks.9.ln1_post.hook_normalized:-0.5883; blocks.18.ln2_post.hook_normalized:0.5777; blocks.8.ln2_post.hook_normalized:0.4875; blocks.20.ln2_post.hook_normalized:0.4203; blocks.17.ln2_post.hook_normalized:0.4158; blocks.7.ln2_post.hook_normalized:0.4020; blocks.15.ln2_post.hook_normalized:0.3941; blocks.19.ln2_post.hook_normalized:0.3854; blocks.17.ln1_post.hook_normalized:0.3828; blocks.13.ln1_post.hook_normalized:-0.3066; blocks.5.ln1_post.hook_normalized:-0.2954; blocks.6.ln2_post.hook_normalized:0.2651; blocks.16.ln2_post.hook_normalized:0.2612; blocks.2.ln1_post.hook_normalized:-0.2348; blocks.14.ln2_post.hook_normalized:0.2336; blocks.4.ln2_post.hook_normalized:0.2163; blocks.11.ln1_post.hook_normalized:-0.2118; blocks.4.ln1_post.hook_normalized:0.1824; blocks.3.ln1_post.hook_normalized:-0.1804; blocks.2.ln2_post.hook_normalized:0.1687; blocks.7.ln1_post.hook_normalized:-0.1624; blocks.20.ln1_post.hook_normalized:0.1496; blocks.0.ln2_post.hook_normalized:-0.1443; blocks.11.ln2_post.hook_normalized:0.1390; blocks.10.ln2_post.hook_normalized:-0.1327; blocks.13.ln2_post.hook_normalized:-0.1162; blocks.9.ln2_post.hook_normalized:0.1148; blocks.15.ln1_post.hook_normalized:-0.1064; blocks.0.hook_resid_post:0.1039; blocks.3.ln2_post.hook_normalized:-0.1017; blocks.8.ln1_post.hook_normalized:-0.0982; blocks.10.ln1_post.hook_normalized:-0.0946; blocks.16.ln1_post.hook_normalized:-0.0931; blocks.1.ln2_post.hook_normalized:-0.0825; blocks.6.ln1_post.hook_normalized:0.0761; blocks.19.ln1_post.hook_normalized:-0.0541; blocks.18.ln1_post.hook_normalized:-0.0504; blocks.1.ln1_post.hook_normalized:0.0438; blocks.12.ln2_post.hook_normalized:0.0246; blocks.5.ln2_post.hook_normalized:-0.0044; blocks.14.ln1_post.hook_normalized:-0.0027; blocks.12.ln1_post.hook_normalized:0.0024
gemma2,137,-1,Component Similarities,All,,,blocks.0.hook_resid_post:0.0786; blocks.17.ln1_post.hook_normalized:-0.0518; blocks.20.ln2_post.hook_normalized:-0.0498; blocks.2.ln1_post.hook_normalized:-0.0422; blocks.9.ln1_post.hook_normalized:-0.0417; blocks.4.ln1_post.hook_normalized:0.0386; blocks.16.ln1_post.hook_normalized:0.0366; blocks.0.ln2_post.hook_normalized:-0.0361; blocks.19.ln2_post.hook_normalized:0.0356; blocks.13.ln2_post.hook_normalized:-0.0342; blocks.7.ln2_post.hook_normalized:0.0320; blocks.9.ln2_post.hook_normalized:-0.0300; blocks.19.ln1_post.hook_normalized:-0.0286; blocks.6.ln1_post.hook_normalized:-0.0270; blocks.14.ln2_post.hook_normalized:-0.0269; blocks.8.ln2_post.hook_normalized:0.0267; blocks.8.ln1_post.hook_normalized:-0.0260; blocks.16.ln2_post.hook_normalized:-0.0249; blocks.1.ln2_post.hook_normalized:-0.0243; blocks.0.ln1_post.hook_normalized:-0.0223; blocks.18.ln2_post.hook_normalized:0.0220; blocks.18.ln1_post.hook_normalized:0.0205; blocks.10.ln2_post.hook_normalized:-0.0190; blocks.11.ln2_post.hook_normalized:-0.0186; blocks.17.ln2_post.hook_normalized:0.0176; blocks.2.ln2_post.hook_normalized:0.0170; blocks.3.ln2_post.hook_normalized:-0.0154; blocks.10.ln1_post.hook_normalized:-0.0150; blocks.13.ln1_post.hook_normalized:-0.0142; blocks.5.ln1_post.hook_normalized:-0.0134; blocks.20.ln1_post.hook_normalized:-0.0129; blocks.6.ln2_post.hook_normalized:0.0128; blocks.11.ln1_post.hook_normalized:0.0112; blocks.15.ln2_post.hook_normalized:0.0098; blocks.12.ln2_post.hook_normalized:-0.0096; blocks.4.ln2_post.hook_normalized:0.0093; blocks.7.ln1_post.hook_normalized:0.0077; blocks.12.ln1_post.hook_normalized:-0.0075; blocks.3.ln1_post.hook_normalized:0.0073; blocks.5.ln2_post.hook_normalized:0.0070; blocks.1.ln1_post.hook_normalized:-0.0066; blocks.14.ln1_post.hook_normalized:0.0034; blocks.20.hook_resid_post:-0.0034; blocks.15.ln1_post.hook_normalized:0.0023
gemma2,137,-2,Component Similarities,All,,,blocks.20.hook_resid_post:0.0981; blocks.0.ln1_post.hook_normalized:0.0566; blocks.7.ln2_post.hook_normalized:0.0474; blocks.4.ln2_post.hook_normalized:0.0454; blocks.11.ln2_post.hook_normalized:0.0442; blocks.0.hook_resid_post:-0.0435; blocks.4.ln1_post.hook_normalized:0.0425; blocks.8.ln2_post.hook_normalized:0.0410; blocks.9.ln1_post.hook_normalized:-0.0400; blocks.18.ln2_post.hook_normalized:0.0383; blocks.20.ln1_post.hook_normalized:0.0366; blocks.15.ln2_post.hook_normalized:0.0337; blocks.6.ln2_post.hook_normalized:0.0330; blocks.19.ln2_post.hook_normalized:0.0325; blocks.19.ln1_post.hook_normalized:-0.0320; blocks.2.ln1_post.hook_normalized:-0.0317; blocks.3.ln1_post.hook_normalized:-0.0304; blocks.17.ln2_post.hook_normalized:0.0287; blocks.20.ln2_post.hook_normalized:0.0242; blocks.13.ln1_post.hook_normalized:-0.0236; blocks.3.ln2_post.hook_normalized:-0.0214; blocks.5.ln2_post.hook_normalized:0.0208; blocks.16.ln2_post.hook_normalized:0.0183; blocks.10.ln1_post.hook_normalized:-0.0175; blocks.13.ln2_post.hook_normalized:-0.0171; blocks.0.ln2_post.hook_normalized:0.0165; blocks.7.ln1_post.hook_normalized:-0.0146; blocks.15.ln1_post.hook_normalized:-0.0135; blocks.11.ln1_post.hook_normalized:-0.0132; blocks.2.ln2_post.hook_normalized:0.0112; blocks.5.ln1_post.hook_normalized:-0.0110; blocks.1.ln2_post.hook_normalized:0.0110; blocks.1.ln1_post.hook_normalized:-0.0107; blocks.14.ln1_post.hook_normalized:0.0106; blocks.6.ln1_post.hook_normalized:-0.0095; blocks.8.ln1_post.hook_normalized:-0.0089; blocks.9.ln2_post.hook_normalized:-0.0050; blocks.18.ln1_post.hook_normalized:-0.0047; blocks.14.ln2_post.hook_normalized:0.0045; blocks.16.ln1_post.hook_normalized:0.0043; blocks.12.ln1_post.hook_normalized:0.0017; blocks.17.ln1_post.hook_normalized:0.0016; blocks.10.ln2_post.hook_normalized:0.0013; blocks.12.ln2_post.hook_normalized:-0.0010
gemma2,137,-3,Component Similarities,All,,,blocks.20.hook_resid_post:0.1514; blocks.18.ln2_post.hook_normalized:0.0942; blocks.0.ln1_post.hook_normalized:0.0723; blocks.20.ln2_post.hook_normalized:0.0698; blocks.17.ln2_post.hook_normalized:0.0583; blocks.7.ln2_post.hook_normalized:0.0569; blocks.15.ln2_post.hook_normalized:0.0554; blocks.8.ln2_post.hook_normalized:0.0552; blocks.2.ln1_post.hook_normalized:-0.0427; blocks.9.ln1_post.hook_normalized:-0.0413; blocks.6.ln2_post.hook_normalized:0.0359; blocks.2.ln2_post.hook_normalized:0.0352; blocks.4.ln1_post.hook_normalized:0.0347; blocks.16.ln2_post.hook_normalized:0.0325; blocks.17.ln1_post.hook_normalized:0.0312; blocks.14.ln2_post.hook_normalized:0.0309; blocks.19.ln2_post.hook_normalized:0.0306; blocks.4.ln2_post.hook_normalized:0.0305; blocks.13.ln1_post.hook_normalized:-0.0305; blocks.20.ln1_post.hook_normalized:0.0294; blocks.3.ln1_post.hook_normalized:-0.0293; blocks.0.ln2_post.hook_normalized:-0.0232; blocks.5.ln1_post.hook_normalized:-0.0205; blocks.0.hook_resid_post:0.0184; blocks.8.ln1_post.hook_normalized:-0.0161; blocks.11.ln1_post.hook_normalized:-0.0145; blocks.11.ln2_post.hook_normalized:0.0142; blocks.13.ln2_post.hook_normalized:-0.0131; blocks.15.ln1_post.hook_normalized:-0.0128; blocks.7.ln1_post.hook_normalized:-0.0125; blocks.3.ln2_post.hook_normalized:-0.0120; blocks.10.ln1_post.hook_normalized:-0.0112; blocks.10.ln2_post.hook_normalized:-0.0110; blocks.18.ln1_post.hook_normalized:-0.0084; blocks.16.ln1_post.hook_normalized:-0.0081; blocks.6.ln1_post.hook_normalized:-0.0078; blocks.12.ln2_post.hook_normalized:0.0038; blocks.5.ln2_post.hook_normalized:0.0030; blocks.9.ln2_post.hook_normalized:-0.0029; blocks.1.ln2_post.hook_normalized:0.0026; blocks.1.ln1_post.hook_normalized:0.0024; blocks.19.ln1_post.hook_normalized:0.0018; blocks.12.ln1_post.hook_normalized:-0.0016; blocks.14.ln1_post.hook_normalized:0.0004
gemma2,709,-1,lars,negative,0.6221954612298694,,blocks.20.ln2_post.hook_normalized:6.4496; blocks.6.ln1_post.hook_normalized:7.1207; blocks.0.ln1_post.hook_normalized:2.5610; blocks.18.ln2_post.hook_normalized:2.5483; blocks.3.ln2_post.hook_normalized:1.8779; blocks.14.ln2_post.hook_normalized:0.5935; blocks.8.ln2_post.hook_normalized:0.1863; blocks.11.ln2_post.hook_normalized:0.0000; blocks.12.ln2_post.hook_normalized:0.0000; blocks.19.ln2_post.hook_normalized:0.0000; blocks.0.hook_resid_post:0.0000; blocks.13.ln1_post.hook_normalized:0.0000; blocks.17.ln2_post.hook_normalized:0.0000; blocks.11.ln1_post.hook_normalized:0.0000; blocks.6.ln2_post.hook_normalized:0.0000; blocks.7.ln1_post.hook_normalized:0.0000; blocks.16.ln2_post.hook_normalized:0.0000; blocks.17.ln1_post.hook_normalized:0.0000; blocks.9.ln2_post.hook_normalized:0.0000; blocks.5.ln2_post.hook_normalized:0.0000; blocks.10.ln2_post.hook_normalized:0.0000; blocks.20.ln1_post.hook_normalized:0.0000; blocks.15.ln2_post.hook_normalized:0.0000; blocks.13.ln2_post.hook_normalized:0.0000; blocks.15.ln1_post.hook_normalized:0.0000; blocks.4.ln1_post.hook_normalized:0.0000; blocks.16.ln1_post.hook_normalized:0.0000; blocks.7.ln2_post.hook_normalized:0.0000; blocks.19.ln1_post.hook_normalized:0.0000; blocks.5.ln1_post.hook_normalized:0.0000; blocks.3.ln1_post.hook_normalized:0.0000; blocks.2.ln2_post.hook_normalized:0.0000; blocks.8.ln1_post.hook_normalized:0.0000; blocks.1.ln1_post.hook_normalized:0.0000; blocks.14.ln1_post.hook_normalized:0.0000; blocks.10.ln1_post.hook_normalized:0.0000; blocks.9.ln1_post.hook_normalized:0.0000; blocks.18.ln1_post.hook_normalized:0.0000; blocks.0.ln2_post.hook_normalized:0.0000; blocks.4.ln2_post.hook_normalized:0.0000; blocks.1.ln2_post.hook_normalized:0.0000; blocks.12.ln1_post.hook_normalized:0.0000; blocks.2.ln1_post.hook_normalized:0.0000
gemma2,709,-1,lars,positive,0.5548453750299593,,blocks.20.ln2_post.hook_normalized:12.0710; blocks.0.hook_resid_post:-4.0986; blocks.6.ln1_post.hook_normalized:-1.8442; blocks.3.ln2_post.hook_normalized:8.9105; blocks.13.ln1_post.hook_normalized:3.3789; blocks.19.ln2_post.hook_normalized:3.9306; blocks.0.ln2_post.hook_normalized:-0.5412; blocks.16.ln1_post.hook_normalized:0.0000; blocks.8.ln2_post.hook_normalized:0.0000; blocks.1.ln2_post.hook_normalized:0.0000; blocks.14.ln2_post.hook_normalized:0.0000; blocks.13.ln2_post.hook_normalized:0.0000; blocks.17.ln1_post.hook_normalized:0.0000; blocks.7.ln2_post.hook_normalized:0.0000; blocks.4.ln1_post.hook_normalized:0.0000; blocks.7.ln1_post.hook_normalized:0.0000; blocks.11.ln1_post.hook_normalized:0.0000; blocks.5.ln2_post.hook_normalized:0.0000; blocks.8.ln1_post.hook_normalized:0.0000; blocks.19.ln1_post.hook_normalized:0.0000; blocks.12.ln2_post.hook_normalized:0.0000; blocks.9.ln2_post.hook_normalized:0.0000; blocks.3.ln1_post.hook_normalized:0.0000; blocks.18.ln1_post.hook_normalized:0.0000; blocks.14.ln1_post.hook_normalized:0.0000; blocks.16.ln2_post.hook_normalized:0.0000; blocks.0.ln1_post.hook_normalized:0.0000; blocks.18.ln2_post.hook_normalized:0.0000; blocks.15.ln2_post.hook_normalized:0.0000; blocks.2.ln2_post.hook_normalized:0.0000; blocks.11.ln2_post.hook_normalized:0.0000; blocks.17.ln2_post.hook_normalized:0.0000; blocks.6.ln2_post.hook_normalized:0.0000; blocks.9.ln1_post.hook_normalized:0.0000; blocks.10.ln2_post.hook_normalized:0.0000; blocks.15.ln1_post.hook_normalized:0.0000; blocks.4.ln2_post.hook_normalized:0.0000; blocks.5.ln1_post.hook_normalized:0.0000; blocks.10.ln1_post.hook_normalized:0.0000; blocks.20.ln1_post.hook_normalized:0.0000; blocks.2.ln1_post.hook_normalized:0.0000; blocks.12.ln1_post.hook_normalized:0.0000; blocks.1.ln1_post.hook_normalized:0.0000
gemma2,709,-2,lars,negative,0.30185799792388535,,blocks.20.ln2_post.hook_normalized:9.5972; blocks.0.hook_resid_post:0.8063; blocks.6.ln1_post.hook_normalized:3.4150; blocks.17.ln1_post.hook_normalized:4.6562; blocks.3.ln2_post.hook_normalized:1.6574; blocks.8.ln2_post.hook_normalized:0.5992; blocks.18.ln2_post.hook_normalized:0.7312; blocks.19.ln2_post.hook_normalized:0.0000; blocks.6.ln2_post.hook_normalized:0.0000; blocks.11.ln2_post.hook_normalized:0.0000; blocks.13.ln1_post.hook_normalized:0.0000; blocks.5.ln2_post.hook_normalized:0.0000; blocks.14.ln2_post.hook_normalized:0.0000; blocks.17.ln2_post.hook_normalized:0.0000; blocks.16.ln2_post.hook_normalized:0.0000; blocks.15.ln2_post.hook_normalized:0.0000; blocks.15.ln1_post.hook_normalized:0.0000; blocks.1.ln1_post.hook_normalized:0.0000; blocks.0.ln1_post.hook_normalized:0.0000; blocks.7.ln2_post.hook_normalized:0.0000; blocks.20.ln1_post.hook_normalized:0.0000; blocks.9.ln2_post.hook_normalized:0.0000; blocks.10.ln2_post.hook_normalized:0.0000; blocks.12.ln2_post.hook_normalized:0.0000; blocks.19.ln1_post.hook_normalized:0.0000; blocks.13.ln2_post.hook_normalized:0.0000; blocks.11.ln1_post.hook_normalized:0.0000; blocks.2.ln2_post.hook_normalized:0.0000; blocks.7.ln1_post.hook_normalized:0.0000; blocks.10.ln1_post.hook_normalized:0.0000; blocks.4.ln1_post.hook_normalized:0.0000; blocks.5.ln1_post.hook_normalized:0.0000; blocks.3.ln1_post.hook_normalized:0.0000; blocks.1.ln2_post.hook_normalized:0.0000; blocks.16.ln1_post.hook_normalized:0.0000; blocks.2.ln1_post.hook_normalized:0.0000; blocks.4.ln2_post.hook_normalized:0.0000; blocks.14.ln1_post.hook_normalized:0.0000; blocks.12.ln1_post.hook_normalized:0.0000; blocks.0.ln2_post.hook_normalized:0.0000; blocks.18.ln1_post.hook_normalized:0.0000; blocks.8.ln1_post.hook_normalized:0.0000; blocks.9.ln1_post.hook_normalized:0.0000
gemma2,709,-2,lars,positive,0.07055557043698457,,blocks.20.ln2_post.hook_normalized:13.5673; blocks.3.ln2_post.hook_normalized:3.7171; blocks.0.hook_resid_post:0.8750; blocks.6.ln2_post.hook_normalized:1.1199; blocks.19.ln2_post.hook_normalized:0.6398; blocks.9.ln2_post.hook_normalized:0.3485; blocks.11.ln2_post.hook_normalized:0.1002; blocks.1.ln1_post.hook_normalized:0.0000; blocks.15.ln1_post.hook_normalized:0.0000; blocks.14.ln2_post.hook_normalized:0.0000; blocks.19.ln1_post.hook_normalized:0.0000; blocks.13.ln2_post.hook_normalized:0.0000; blocks.7.ln2_post.hook_normalized:0.0000; blocks.7.ln1_post.hook_normalized:0.0000; blocks.13.ln1_post.hook_normalized:0.0000; blocks.5.ln2_post.hook_normalized:0.0000; blocks.6.ln1_post.hook_normalized:0.0000; blocks.17.ln2_post.hook_normalized:0.0000; blocks.12.ln2_post.hook_normalized:0.0000; blocks.8.ln2_post.hook_normalized:0.0000; blocks.2.ln2_post.hook_normalized:0.0000; blocks.2.ln1_post.hook_normalized:0.0000; blocks.20.ln1_post.hook_normalized:0.0000; blocks.1.ln2_post.hook_normalized:0.0000; blocks.4.ln2_post.hook_normalized:0.0000; blocks.16.ln2_post.hook_normalized:0.0000; blocks.15.ln2_post.hook_normalized:0.0000; blocks.18.ln2_post.hook_normalized:0.0000; blocks.10.ln2_post.hook_normalized:0.0000; blocks.3.ln1_post.hook_normalized:0.0000; blocks.10.ln1_post.hook_normalized:0.0000; blocks.4.ln1_post.hook_normalized:0.0000; blocks.17.ln1_post.hook_normalized:0.0000; blocks.16.ln1_post.hook_normalized:0.0000; blocks.14.ln1_post.hook_normalized:0.0000; blocks.0.ln2_post.hook_normalized:0.0000; blocks.0.ln1_post.hook_normalized:0.0000; blocks.11.ln1_post.hook_normalized:0.0000; blocks.9.ln1_post.hook_normalized:0.0000; blocks.12.ln1_post.hook_normalized:0.0000; blocks.5.ln1_post.hook_normalized:0.0000; blocks.8.ln1_post.hook_normalized:0.0000; blocks.18.ln1_post.hook_normalized:0.0000
gemma2,709,-3,lars,negative,0.5647941772370528,,blocks.20.ln2_post.hook_normalized:9.2210; blocks.0.hook_resid_post:0.9026; blocks.17.ln1_post.hook_normalized:4.7978; blocks.6.ln1_post.hook_normalized:2.9698; blocks.3.ln2_post.hook_normalized:1.8238; blocks.18.ln2_post.hook_normalized:4.6481; blocks.14.ln2_post.hook_normalized:0.3330; blocks.16.ln2_post.hook_normalized:0.0000; blocks.19.ln2_post.hook_normalized:0.0000; blocks.8.ln2_post.hook_normalized:0.0000; blocks.5.ln2_post.hook_normalized:0.0000; blocks.0.ln1_post.hook_normalized:0.0000; blocks.11.ln2_post.hook_normalized:0.0000; blocks.13.ln1_post.hook_normalized:0.0000; blocks.6.ln2_post.hook_normalized:0.0000; blocks.17.ln2_post.hook_normalized:0.0000; blocks.15.ln1_post.hook_normalized:0.0000; blocks.10.ln2_post.hook_normalized:0.0000; blocks.15.ln2_post.hook_normalized:0.0000; blocks.1.ln1_post.hook_normalized:0.0000; blocks.13.ln2_post.hook_normalized:0.0000; blocks.9.ln2_post.hook_normalized:0.0000; blocks.20.ln1_post.hook_normalized:0.0000; blocks.7.ln2_post.hook_normalized:0.0000; blocks.19.ln1_post.hook_normalized:0.0000; blocks.7.ln1_post.hook_normalized:0.0000; blocks.10.ln1_post.hook_normalized:0.0000; blocks.16.ln1_post.hook_normalized:0.0000; blocks.12.ln1_post.hook_normalized:0.0000; blocks.12.ln2_post.hook_normalized:0.0000; blocks.4.ln1_post.hook_normalized:0.0000; blocks.11.ln1_post.hook_normalized:0.0000; blocks.3.ln1_post.hook_normalized:0.0000; blocks.5.ln1_post.hook_normalized:0.0000; blocks.9.ln1_post.hook_normalized:0.0000; blocks.2.ln2_post.hook_normalized:0.0000; blocks.2.ln1_post.hook_normalized:0.0000; blocks.8.ln1_post.hook_normalized:0.0000; blocks.4.ln2_post.hook_normalized:0.0000; blocks.14.ln1_post.hook_normalized:0.0000; blocks.1.ln2_post.hook_normalized:0.0000; blocks.0.ln2_post.hook_normalized:0.0000; blocks.18.ln1_post.hook_normalized:0.0000
gemma2,709,-3,lars,positive,0.4718103432504308,,blocks.20.ln2_post.hook_normalized:13.2098; blocks.0.hook_resid_post:1.2841; blocks.3.ln2_post.hook_normalized:2.4195; blocks.18.ln2_post.hook_normalized:2.5813; blocks.19.ln2_post.hook_normalized:2.2206; blocks.17.ln1_post.hook_normalized:1.9313; blocks.6.ln1_post.hook_normalized:0.0808; blocks.16.ln2_post.hook_normalized:0.0000; blocks.15.ln1_post.hook_normalized:0.0000; blocks.14.ln2_post.hook_normalized:0.0000; blocks.6.ln2_post.hook_normalized:0.0000; blocks.8.ln2_post.hook_normalized:0.0000; blocks.11.ln2_post.hook_normalized:0.0000; blocks.10.ln2_post.hook_normalized:0.0000; blocks.5.ln2_post.hook_normalized:0.0000; blocks.17.ln2_post.hook_normalized:0.0000; blocks.19.ln1_post.hook_normalized:0.0000; blocks.20.ln1_post.hook_normalized:0.0000; blocks.0.ln1_post.hook_normalized:0.0000; blocks.7.ln1_post.hook_normalized:0.0000; blocks.2.ln2_post.hook_normalized:0.0000; blocks.1.ln1_post.hook_normalized:0.0000; blocks.10.ln1_post.hook_normalized:0.0000; blocks.9.ln1_post.hook_normalized:0.0000; blocks.13.ln1_post.hook_normalized:0.0000; blocks.11.ln1_post.hook_normalized:0.0000; blocks.4.ln2_post.hook_normalized:0.0000; blocks.13.ln2_post.hook_normalized:0.0000; blocks.4.ln1_post.hook_normalized:0.0000; blocks.1.ln2_post.hook_normalized:0.0000; blocks.7.ln2_post.hook_normalized:0.0000; blocks.12.ln2_post.hook_normalized:0.0000; blocks.2.ln1_post.hook_normalized:0.0000; blocks.8.ln1_post.hook_normalized:0.0000; blocks.14.ln1_post.hook_normalized:0.0000; blocks.18.ln1_post.hook_normalized:0.0000; blocks.3.ln1_post.hook_normalized:0.0000; blocks.0.ln2_post.hook_normalized:0.0000; blocks.16.ln1_post.hook_normalized:0.0000; blocks.12.ln1_post.hook_normalized:0.0000; blocks.9.ln2_post.hook_normalized:0.0000; blocks.5.ln1_post.hook_normalized:0.0000; blocks.15.ln2_post.hook_normalized:0.0000
gemma2,709,-1,diff,pos-vs-neg,,,blocks.0.hook_resid_post:1.4822; blocks.20.ln2_post.hook_normalized:-0.7172; blocks.7.ln1_post.hook_normalized:0.6356; blocks.0.ln2_post.hook_normalized:-0.6199; blocks.16.ln1_post.hook_normalized:0.5124; blocks.20.hook_resid_post:0.4669; blocks.1.ln2_post.hook_normalized:-0.3932; blocks.1.ln1_post.hook_normalized:0.3512; blocks.19.ln2_post.hook_normalized:0.3486; blocks.5.ln2_post.hook_normalized:0.3238; blocks.4.ln1_post.hook_normalized:0.2986; blocks.17.ln1_post.hook_normalized:-0.2971; blocks.11.ln1_post.hook_normalized:0.2693; blocks.9.ln1_post.hook_normalized:-0.2641; blocks.4.ln2_post.hook_normalized:-0.2541; blocks.14.ln1_post.hook_normalized:-0.1778; blocks.18.ln2_post.hook_normalized:-0.1778; blocks.2.ln2_post.hook_normalized:0.1718; blocks.0.ln1_post.hook_normalized:-0.1590; blocks.10.ln1_post.hook_normalized:-0.1467; blocks.15.ln1_post.hook_normalized:0.1432; blocks.13.ln1_post.hook_normalized:-0.1408; blocks.19.ln1_post.hook_normalized:-0.1382; blocks.3.ln1_post.hook_normalized:0.1312; blocks.17.ln2_post.hook_normalized:-0.1291; blocks.13.ln2_post.hook_normalized:-0.1123; blocks.6.ln2_post.hook_normalized:-0.1005; blocks.8.ln2_post.hook_normalized:0.0880; blocks.15.ln2_post.hook_normalized:-0.0723; blocks.8.ln1_post.hook_normalized:-0.0716; blocks.16.ln2_post.hook_normalized:0.0607; blocks.12.ln1_post.hook_normalized:0.0557; blocks.12.ln2_post.hook_normalized:0.0544; blocks.2.ln1_post.hook_normalized:0.0486; blocks.7.ln2_post.hook_normalized:-0.0476; blocks.14.ln2_post.hook_normalized:-0.0452; blocks.6.ln1_post.hook_normalized:-0.0415; blocks.11.ln2_post.hook_normalized:0.0311; blocks.5.ln1_post.hook_normalized:0.0310; blocks.20.ln1_post.hook_normalized:-0.0302; blocks.18.ln1_post.hook_normalized:0.0248; blocks.3.ln2_post.hook_normalized:-0.0136; blocks.9.ln2_post.hook_normalized:0.0086; blocks.10.ln2_post.hook_normalized:-0.0084
gemma2,709,-2,diff,pos-vs-neg,,,blocks.20.hook_resid_post:6.7628; blocks.0.hook_resid_post:-1.5569; blocks.0.ln1_post.hook_normalized:0.7222; blocks.8.ln2_post.hook_normalized:0.6445; blocks.11.ln2_post.hook_normalized:0.5129; blocks.10.ln1_post.hook_normalized:-0.4838; blocks.9.ln1_post.hook_normalized:-0.4247; blocks.4.ln1_post.hook_normalized:0.4102; blocks.13.ln1_post.hook_normalized:-0.3894; blocks.0.ln2_post.hook_normalized:0.3793; blocks.6.ln2_post.hook_normalized:0.3743; blocks.19.ln2_post.hook_normalized:0.3607; blocks.18.ln1_post.hook_normalized:-0.3213; blocks.9.ln2_post.hook_normalized:0.2855; blocks.4.ln2_post.hook_normalized:0.2570; blocks.3.ln2_post.hook_normalized:-0.2550; blocks.5.ln2_post.hook_normalized:0.2426; blocks.16.ln1_post.hook_normalized:0.2391; blocks.12.ln2_post.hook_normalized:0.2193; blocks.14.ln2_post.hook_normalized:0.2137; blocks.7.ln1_post.hook_normalized:-0.2123; blocks.1.ln2_post.hook_normalized:0.2123; blocks.17.ln1_post.hook_normalized:0.1942; blocks.11.ln1_post.hook_normalized:-0.1879; blocks.19.ln1_post.hook_normalized:-0.1835; blocks.6.ln1_post.hook_normalized:0.1777; blocks.20.ln2_post.hook_normalized:0.1727; blocks.8.ln1_post.hook_normalized:-0.1476; blocks.2.ln2_post.hook_normalized:0.1392; blocks.7.ln2_post.hook_normalized:0.1318; blocks.15.ln2_post.hook_normalized:0.1306; blocks.1.ln1_post.hook_normalized:0.1087; blocks.10.ln2_post.hook_normalized:-0.1053; blocks.15.ln1_post.hook_normalized:-0.1018; blocks.14.ln1_post.hook_normalized:-0.0865; blocks.12.ln1_post.hook_normalized:-0.0852; blocks.16.ln2_post.hook_normalized:0.0851; blocks.2.ln1_post.hook_normalized:0.0781; blocks.20.ln1_post.hook_normalized:0.0747; blocks.13.ln2_post.hook_normalized:0.0570; blocks.3.ln1_post.hook_normalized:0.0211; blocks.5.ln1_post.hook_normalized:0.0205; blocks.18.ln2_post.hook_normalized:0.0016; blocks.17.ln2_post.hook_normalized:-0.0012
gemma2,709,-3,diff,pos-vs-neg,,,blocks.20.hook_resid_post:7.6585; blocks.0.ln1_post.hook_normalized:0.7384; blocks.8.ln2_post.hook_normalized:0.5946; blocks.9.ln1_post.hook_normalized:-0.5011; blocks.7.ln2_post.hook_normalized:0.4791; blocks.0.hook_resid_post:-0.4495; blocks.19.ln2_post.hook_normalized:0.4472; blocks.11.ln2_post.hook_normalized:0.4308; blocks.4.ln1_post.hook_normalized:0.4293; blocks.13.ln1_post.hook_normalized:-0.3727; blocks.12.ln2_post.hook_normalized:0.3110; blocks.8.ln1_post.hook_normalized:-0.3105; blocks.11.ln1_post.hook_normalized:-0.3079; blocks.10.ln1_post.hook_normalized:-0.3011; blocks.4.ln2_post.hook_normalized:0.2938; blocks.16.ln2_post.hook_normalized:0.2906; blocks.20.ln2_post.hook_normalized:0.2734; blocks.6.ln2_post.hook_normalized:0.2722; blocks.16.ln1_post.hook_normalized:0.2670; blocks.14.ln2_post.hook_normalized:0.2502; blocks.5.ln2_post.hook_normalized:0.2406; blocks.15.ln2_post.hook_normalized:0.2210; blocks.18.ln1_post.hook_normalized:-0.2204; blocks.17.ln1_post.hook_normalized:0.1984; blocks.7.ln1_post.hook_normalized:-0.1898; blocks.6.ln1_post.hook_normalized:0.1690; blocks.3.ln2_post.hook_normalized:-0.1604; blocks.2.ln1_post.hook_normalized:-0.1603; blocks.17.ln2_post.hook_normalized:0.1472; blocks.15.ln1_post.hook_normalized:-0.1463; blocks.20.ln1_post.hook_normalized:0.1387; blocks.18.ln2_post.hook_normalized:0.1383; blocks.19.ln1_post.hook_normalized:-0.1302; blocks.1.ln1_post.hook_normalized:0.1277; blocks.9.ln2_post.hook_normalized:0.1270; blocks.12.ln1_post.hook_normalized:-0.1228; blocks.5.ln1_post.hook_normalized:-0.1164; blocks.0.ln2_post.hook_normalized:-0.0769; blocks.10.ln2_post.hook_normalized:-0.0508; blocks.14.ln1_post.hook_normalized:-0.0442; blocks.13.ln2_post.hook_normalized:0.0288; blocks.2.ln2_post.hook_normalized:-0.0279; blocks.3.ln1_post.hook_normalized:0.0252; blocks.1.ln2_post.hook_normalized:-0.0024
gemma2,709,-1,Component Similarities,All,,,blocks.20.ln2_post.hook_normalized:-0.1050; blocks.0.hook_resid_post:0.0830; blocks.17.ln1_post.hook_normalized:-0.0664; blocks.6.ln1_post.hook_normalized:-0.0554; blocks.16.ln1_post.hook_normalized:0.0542; blocks.7.ln1_post.hook_normalized:0.0457; blocks.1.ln2_post.hook_normalized:-0.0420; blocks.0.ln2_post.hook_normalized:-0.0366; blocks.4.ln1_post.hook_normalized:0.0344; blocks.5.ln2_post.hook_normalized:0.0325; blocks.4.ln2_post.hook_normalized:-0.0294; blocks.14.ln1_post.hook_normalized:-0.0261; blocks.1.ln1_post.hook_normalized:0.0210; blocks.2.ln2_post.hook_normalized:0.0194; blocks.15.ln1_post.hook_normalized:0.0182; blocks.9.ln1_post.hook_normalized:-0.0179; blocks.19.ln1_post.hook_normalized:-0.0179; blocks.18.ln2_post.hook_normalized:-0.0177; blocks.11.ln1_post.hook_normalized:0.0162; blocks.18.ln1_post.hook_normalized:0.0140; blocks.10.ln1_post.hook_normalized:-0.0138; blocks.2.ln1_post.hook_normalized:0.0136; blocks.13.ln1_post.hook_normalized:-0.0134; blocks.20.hook_resid_post:-0.0132; blocks.6.ln2_post.hook_normalized:-0.0117; blocks.17.ln2_post.hook_normalized:-0.0114; blocks.9.ln2_post.hook_normalized:-0.0110; blocks.0.ln1_post.hook_normalized:-0.0091; blocks.3.ln1_post.hook_normalized:0.0087; blocks.15.ln2_post.hook_normalized:-0.0069; blocks.8.ln1_post.hook_normalized:-0.0064; blocks.8.ln2_post.hook_normalized:0.0061; blocks.20.ln1_post.hook_normalized:0.0060; blocks.13.ln2_post.hook_normalized:-0.0053; blocks.14.ln2_post.hook_normalized:-0.0041; blocks.12.ln1_post.hook_normalized:0.0034; blocks.3.ln2_post.hook_normalized:-0.0033; blocks.7.ln2_post.hook_normalized:-0.0026; blocks.12.ln2_post.hook_normalized:0.0023; blocks.11.ln2_post.hook_normalized:0.0021; blocks.5.ln1_post.hook_normalized:0.0019; blocks.16.ln2_post.hook_normalized:0.0017; blocks.19.ln2_post.hook_normalized:0.0010; blocks.10.ln2_post.hook_normalized:-0.0005
gemma2,709,-2,Component Similarities,All,,,blocks.0.hook_resid_post:-0.0972; blocks.20.hook_resid_post:0.0869; blocks.8.ln2_post.hook_normalized:0.0703; blocks.3.ln2_post.hook_normalized:-0.0635; blocks.0.ln1_post.hook_normalized:0.0527; blocks.4.ln1_post.hook_normalized:0.0491; blocks.13.ln1_post.hook_normalized:-0.0469; blocks.11.ln2_post.hook_normalized:0.0459; blocks.6.ln2_post.hook_normalized:0.0437; blocks.10.ln1_post.hook_normalized:-0.0437; blocks.18.ln1_post.hook_normalized:-0.0410; blocks.0.ln2_post.hook_normalized:0.0405; blocks.4.ln2_post.hook_normalized:0.0347; blocks.9.ln1_post.hook_normalized:-0.0298; blocks.5.ln2_post.hook_normalized:0.0295; blocks.20.ln1_post.hook_normalized:0.0292; blocks.1.ln2_post.hook_normalized:0.0287; blocks.8.ln1_post.hook_normalized:-0.0228; blocks.15.ln2_post.hook_normalized:0.0227; blocks.14.ln2_post.hook_normalized:0.0219; blocks.9.ln2_post.hook_normalized:0.0205; blocks.6.ln1_post.hook_normalized:-0.0198; blocks.2.ln2_post.hook_normalized:0.0195; blocks.16.ln1_post.hook_normalized:0.0194; blocks.19.ln1_post.hook_normalized:-0.0184; blocks.14.ln1_post.hook_normalized:-0.0166; blocks.7.ln1_post.hook_normalized:-0.0162; blocks.7.ln2_post.hook_normalized:0.0162; blocks.12.ln2_post.hook_normalized:0.0156; blocks.15.ln1_post.hook_normalized:-0.0148; blocks.11.ln1_post.hook_normalized:-0.0128; blocks.16.ln2_post.hook_normalized:0.0114; blocks.10.ln2_post.hook_normalized:-0.0085; blocks.1.ln1_post.hook_normalized:0.0078; blocks.17.ln1_post.hook_normalized:0.0073; blocks.19.ln2_post.hook_normalized:0.0068; blocks.18.ln2_post.hook_normalized:0.0065; blocks.12.ln1_post.hook_normalized:-0.0063; blocks.20.ln2_post.hook_normalized:-0.0054; blocks.17.ln2_post.hook_normalized:-0.0039; blocks.2.ln1_post.hook_normalized:0.0033; blocks.13.ln2_post.hook_normalized:0.0027; blocks.3.ln1_post.hook_normalized:0.0009; blocks.5.ln1_post.hook_normalized:-0.0003
gemma2,709,-3,Component Similarities,All,,,blocks.20.hook_resid_post:0.1216; blocks.8.ln2_post.hook_normalized:0.0645; blocks.7.ln2_post.hook_normalized:0.0613; blocks.0.ln1_post.hook_normalized:0.0593; blocks.4.ln1_post.hook_normalized:0.0515; blocks.13.ln1_post.hook_normalized:-0.0435; blocks.11.ln2_post.hook_normalized:0.0427; blocks.8.ln1_post.hook_normalized:-0.0420; blocks.4.ln2_post.hook_normalized:0.0391; blocks.20.ln1_post.hook_normalized:0.0386; blocks.3.ln2_post.hook_normalized:-0.0364; blocks.9.ln1_post.hook_normalized:-0.0349; blocks.16.ln2_post.hook_normalized:0.0349; blocks.15.ln2_post.hook_normalized:0.0339; blocks.6.ln2_post.hook_normalized:0.0332; blocks.18.ln1_post.hook_normalized:-0.0311; blocks.10.ln1_post.hook_normalized:-0.0299; blocks.12.ln2_post.hook_normalized:0.0295; blocks.5.ln2_post.hook_normalized:0.0287; blocks.14.ln2_post.hook_normalized:0.0284; blocks.2.ln1_post.hook_normalized:-0.0266; blocks.0.hook_resid_post:-0.0262; blocks.20.ln2_post.hook_normalized:0.0242; blocks.11.ln1_post.hook_normalized:-0.0240; blocks.18.ln2_post.hook_normalized:0.0234; blocks.16.ln1_post.hook_normalized:0.0219; blocks.17.ln2_post.hook_normalized:0.0200; blocks.15.ln1_post.hook_normalized:-0.0198; blocks.19.ln2_post.hook_normalized:0.0198; blocks.17.ln1_post.hook_normalized:0.0151; blocks.12.ln1_post.hook_normalized:-0.0135; blocks.7.ln1_post.hook_normalized:-0.0130; blocks.0.ln2_post.hook_normalized:-0.0122; blocks.5.ln1_post.hook_normalized:-0.0097; blocks.14.ln1_post.hook_normalized:-0.0095; blocks.1.ln1_post.hook_normalized:0.0095; blocks.10.ln2_post.hook_normalized:-0.0056; blocks.13.ln2_post.hook_normalized:0.0041; blocks.1.ln2_post.hook_normalized:0.0033; blocks.6.ln1_post.hook_normalized:-0.0027; blocks.9.ln2_post.hook_normalized:0.0027; blocks.2.ln2_post.hook_normalized:-0.0015; blocks.3.ln1_post.hook_normalized:-0.0010; blocks.19.ln1_post.hook_normalized:0.0002
